xof 0303txt 0032

template AnimTicksPerSecond {
  <9E415A43-7BA6-4a73-8743-B73D47E88476>
  DWORD AnimTicksPerSecond;
}

template XSkinMeshHeader {
  <3cf169ce-ff7c-44ab-93c0-f78f62d172e2>
  WORD nMaxSkinWeightsPerVertex;
  WORD nMaxSkinWeightsPerFace;
  WORD nBones;
}

template SkinWeights {
  <6f0d123b-bad2-4167-a0d0-80224f25fabb>
  STRING transformNodeName;
  DWORD nWeights;
  array DWORD vertexIndices[nWeights];
  array float weights[nWeights];
  Matrix4x4 matrixOffset;
}

Frame Root {
  FrameTransformMatrix {
     1.000000, 0.000000, 0.000000, 0.000000,
     0.000000,-0.000000,-1.000000, 0.000000,
     0.000000, 1.000000,-0.000000, 0.000000,
     0.000000, 0.000000, 0.000000, 1.000000;;
  }
  Frame Armature_001 {
    FrameTransformMatrix {
       0.533501, 0.000000, 0.000000, 0.000000,
       0.000000,-0.000000, 0.533501, 0.000000,
       0.000000,-0.533501,-0.000000, 0.000000,
       0.000000, 0.000000, 0.000000, 1.000000;;
    }
    Frame Armature_001_joint1 {
      FrameTransformMatrix {
         1.000000, 0.000000, 0.000000, 0.000000,
         0.000000, 1.000000, 0.000000, 0.000000,
         0.000000, 0.000000, 1.000000, 0.000000,
         0.000000, 8.016980, 0.000000, 1.000000;;
      }
      Frame Armature_001_pasted__joint12 {
        FrameTransformMatrix {
           0.990591, 0.136854, 0.001276, 0.000000,
           0.122237,-0.888907, 0.441473, 0.000000,
           0.061537,-0.437059,-0.896809, 0.000000,
           1.129197,-1.000000, 0.000000, 1.000000;;
        }
        Frame Armature_001_pasted__joint13 {
          FrameTransformMatrix {
             1.000000,-0.000246,-0.000234, 0.000000,
             0.000329, 0.534360, 0.845413, 0.000000,
            -0.000083,-0.844872, 0.534733, 0.000000,
             0.000000, 3.501177,-0.000000, 1.000000;;
          }
          Frame Armature_001_pasted__joint14 {
            FrameTransformMatrix {
               1.000000, 0.000028, 0.000084, 0.000000,
               0.000086,-0.522749,-0.852482, 0.000000,
               0.000020, 0.852502,-0.522856, 0.000000,
               0.000000, 3.883870,-0.000000, 1.000000;;
            }
            Frame Armature_001_pasted__joint15 {
              FrameTransformMatrix {
                 1.000000, 0.000000, 0.000000, 0.000000,
                 0.000000, 1.000000,-0.000000, 0.000000,
                 0.000000, 0.000000, 1.000000, 0.000000,
                 0.000000, 1.000095, 0.000000, 1.000000;;
              }
            } // End of Armature_001_pasted__joint15
          } // End of Armature_001_pasted__joint14
        } // End of Armature_001_pasted__joint13
      } // End of Armature_001_pasted__joint12
      Frame Armature_001_pasted__joint2 {
        FrameTransformMatrix {
           0.980392,-0.019608, 0.196078, 0.000000,
          -0.019608, 0.980392, 0.196078, 0.000000,
          -0.196078,-0.196078, 0.960784, 0.000000,
           0.000000, 2.000000, 0.000000, 1.000000;;
        }
        Frame Armature_001_pasted__joint3 {
          FrameTransformMatrix {
             1.000000, 0.000001, 0.000000, 0.000000,
            -0.000001, 1.000000, 0.000000, 0.000000,
             0.000000, 0.000000, 1.000000, 0.000000,
             0.000000, 1.999999, 0.000000, 1.000000;;
          }
          Frame Armature_001_pasted__joint37 {
            FrameTransformMatrix {
              -0.183087, 0.982415, 0.036617, 0.000000,
              -0.906168,-0.183087, 0.381234, 0.000000,
               0.381234, 0.036617, 0.923753, 0.000000,
              -1.456069, 1.247801, 0.000000, 1.000000;;
            }
            Frame Armature_001_pasted__joint38 {
              FrameTransformMatrix {
                 0.600000, 0.800000,-0.000000, 0.000000,
                -0.800000, 0.600000,-0.000000, 0.000000,
                 0.000000, 0.000000, 1.000000, 0.000000,
                 0.000001, 1.000000,-0.000000, 1.000000;;
              }
              Frame Armature_001_pasted__joint39 {
                FrameTransformMatrix {
                   0.666667, 0.333333,-0.666667, 0.000000,
                   0.333333, 0.666667, 0.666667, 0.000000,
                   0.666667,-0.666667, 0.333333, 0.000000,
                   0.000000, 3.590091,-0.000000, 1.000000;;
                }
                Frame Armature_001_pasted__joint40 {
                  FrameTransformMatrix {
                     0.600000, 0.000000,-0.800000, 0.000000,
                     0.000000, 1.000000, 0.000000, 0.000000,
                     0.800000, 0.000000, 0.600000, 0.000000,
                     0.000000, 1.616821,-0.000000, 1.000000;;
                  }
                  Frame Armature_001_pasted__joint41 {
                    FrameTransformMatrix {
                       0.998522, 0.028232, 0.046433, 0.000000,
                      -0.030328, 0.998522, 0.045092, 0.000000,
                      -0.045092,-0.046433, 0.997903, 0.000000,
                       0.000000, 1.374269, 0.000001, 1.000000;;
                    }
                    Frame Armature_001_pasted__joint42 {
                      FrameTransformMatrix {
                         0.866855, 0.144876, 0.477047, 0.000000,
                        -0.343259, 0.867373, 0.360330, 0.000000,
                        -0.361574,-0.476104, 0.801617, 0.000000,
                        -0.136884, 0.746942, 0.640137, 1.000000;;
                      }
                      Frame Armature_001_pasted__joint43 {
                        FrameTransformMatrix {
                           0.909851,-0.240194,-0.338345, 0.000000,
                           0.100018, 0.918330,-0.382969, 0.000000,
                           0.402700, 0.314604, 0.859568, 0.000000,
                          -0.000000, 0.492336,-0.000000, 1.000000;;
                        }
                        Frame Armature_001_pasted__joint44 {
                          FrameTransformMatrix {
                             0.950228,-0.186889,-0.249276, 0.000000,
                             0.114660, 0.953726,-0.277958, 0.000000,
                             0.289689, 0.235541, 0.927686, 0.000000,
                             0.000000, 0.514289, 0.000001, 1.000000;;
                          }
                        } // End of Armature_001_pasted__joint44
                      } // End of Armature_001_pasted__joint43
                    } // End of Armature_001_pasted__joint42
                    Frame Armature_001_pasted__joint46 {
                      FrameTransformMatrix {
                         0.998033,-0.007206,-0.062271, 0.000000,
                         0.003399, 0.998130,-0.061034, 0.000000,
                         0.062594, 0.060702, 0.996192, 0.000000,
                         0.054464, 1.580860, 0.502036, 1.000000;;
                      }
                      Frame Armature_001_pasted__joint47 {
                        FrameTransformMatrix {
                           0.999368,-0.025134,-0.025150, 0.000000,
                           0.024511, 0.999392,-0.024776, 0.000000,
                           0.025758, 0.024143, 0.999377, 0.000000,
                          -0.000000, 0.634163, 0.000000, 1.000000;;
                        }
                        Frame Armature_001_pasted__joint48 {
                          FrameTransformMatrix {
                             0.994022,-0.007500, 0.108925, 0.000000,
                            -0.004471, 0.994005, 0.109244, 0.000000,
                            -0.109091,-0.109078, 0.988029, 0.000000,
                            -0.000000, 0.353095, 0.000000, 1.000000;;
                          }
                        } // End of Armature_001_pasted__joint48
                      } // End of Armature_001_pasted__joint47
                    } // End of Armature_001_pasted__joint46
                    Frame Armature_001_pasted__joint50 {
                      FrameTransformMatrix {
                         0.997267, 0.006983,-0.073557, 0.000000,
                        -0.012171, 0.997450,-0.070318, 0.000000,
                         0.072878, 0.071021, 0.994809, 0.000000,
                         0.048369, 1.568624, 0.073690, 1.000000;;
                      }
                      Frame Armature_001_pasted__joint51 {
                        FrameTransformMatrix {
                           0.998338,-0.039888, 0.041592, 0.000000,
                           0.038114, 0.998364, 0.042623, 0.000000,
                          -0.043224,-0.040967, 0.998225, 0.000000,
                          -0.000000, 0.892084, 0.000000, 1.000000;;
                        }
                        Frame Armature_001_pasted__joint52 {
                          FrameTransformMatrix {
                             0.999924, 0.000043,-0.012366, 0.000000,
                            -0.000196, 0.999924,-0.012364, 0.000000,
                             0.012364, 0.012366, 0.999847, 0.000000,
                             0.000000, 0.378147, 0.000000, 1.000000;;
                          }
                        } // End of Armature_001_pasted__joint52
                      } // End of Armature_001_pasted__joint51
                    } // End of Armature_001_pasted__joint50
                    Frame Armature_001_pasted__joint54 {
                      FrameTransformMatrix {
                         0.997125,-0.011394,-0.074911, 0.000000,
                         0.005854, 0.997258,-0.073770, 0.000000,
                         0.075546, 0.073119, 0.994458, 0.000000,
                         0.032647, 1.549837,-0.354959, 1.000000;;
                      }
                      Frame Armature_001_pasted__joint55 {
                        FrameTransformMatrix {
                           0.995695,-0.026450, 0.088842, 0.000000,
                           0.018453, 0.995802, 0.089653, 0.000000,
                          -0.090841,-0.087628, 0.992003, 0.000000,
                          -0.000000, 0.740263, 0.000001, 1.000000;;
                        }
                        Frame Armature_001_pasted__joint56 {
                          FrameTransformMatrix {
                             0.998356, 0.000200,-0.057308, 0.000000,
                            -0.003483, 0.998357,-0.057196, 0.000000,
                             0.057202, 0.057302, 0.996717, 0.000000,
                             0.000000, 0.326604, 0.000000, 1.000000;;
                          }
                        } // End of Armature_001_pasted__joint56
                      } // End of Armature_001_pasted__joint55
                    } // End of Armature_001_pasted__joint54
                    Frame Armature_001_pasted__joint58 {
                      FrameTransformMatrix {
                         0.999630,-0.027116, 0.002001, 0.000000,
                         0.027115, 0.999632, 0.000755, 0.000000,
                        -0.002020,-0.000701, 0.999998, 0.000000,
                         0.001397, 1.530398,-0.860903, 1.000000;;
                      }
                      Frame Armature_001_pasted__joint59 {
                        FrameTransformMatrix {
                           0.999385, 0.000349,-0.035067, 0.000000,
                          -0.001574, 0.999389,-0.034912, 0.000000,
                           0.035033, 0.034946, 0.998775, 0.000000,
                          -0.000000, 0.488344,-0.000000, 1.000000;;
                        }
                        Frame Armature_001_pasted__joint60 {
                          FrameTransformMatrix {
                             0.999860, 0.000330, 0.016747, 0.000000,
                            -0.000609, 0.999860, 0.016692, 0.000000,
                            -0.016739,-0.016700, 0.999720, 0.000000,
                             0.000000, 0.218517, 0.000000, 1.000000;;
                          }
                        } // End of Armature_001_pasted__joint60
                      } // End of Armature_001_pasted__joint59
                    } // End of Armature_001_pasted__joint58
                  } // End of Armature_001_pasted__joint41
                } // End of Armature_001_pasted__joint40
              } // End of Armature_001_pasted__joint39
            } // End of Armature_001_pasted__joint38
          } // End of Armature_001_pasted__joint37
          Frame Armature_001_pasted__joint4 {
            FrameTransformMatrix {
               0.980377, 0.018847,-0.196227, 0.000000,
               0.018848, 0.981897, 0.188476, 0.000000,
               0.196227,-0.188477, 0.962274, 0.000000,
               0.000001, 2.000000, 0.000000, 1.000000;;
            }
            Frame Armature_001_pasted__joint5 {
              FrameTransformMatrix {
                 1.000000,-0.000000, 0.000000, 0.000000,
                -0.000000, 1.000000, 0.000000, 0.000000,
                -0.000000,-0.000000, 1.000000, 0.000000,
                 0.000000, 1.000001, 0.000000, 1.000000;;
              }
            } // End of Armature_001_pasted__joint5
          } // End of Armature_001_pasted__joint4
          Frame Armature_001_pasted__joint7 {
            FrameTransformMatrix {
               0.174760, 0.983214, 0.052428, 0.000000,
               0.819463,-0.174760, 0.545839, 0.000000,
               0.545839,-0.052428,-0.836248, 0.000000,
               1.456068, 1.247790, 0.000000, 1.000000;;
            }
            Frame Armature_001_pasted__joint8 {
              FrameTransformMatrix {
                 0.847458, 0.508474,-0.152542, 0.000000,
                -0.508474, 0.694915,-0.508475, 0.000000,
                -0.152542, 0.508474, 0.847458, 0.000000,
                 0.000001, 1.000000, 0.000000, 1.000000;;
              }
              Frame Armature_001_pasted__joint9 {
                FrameTransformMatrix {
                   1.000000, 0.000000, 0.000000, 0.000000,
                   0.000000, 0.219512,-0.975610, 0.000000,
                  -0.000000, 0.975610, 0.219512, 0.000000,
                   0.000000, 3.590092, 0.000000, 1.000000;;
                }
                Frame Armature_001_pasted__joint10 {
                  FrameTransformMatrix {
                     1.000000, 0.000000, 0.000000, 0.000000,
                     0.000000, 1.000000, 0.000000, 0.000000,
                    -0.000000,-0.000000, 1.000000, 0.000000,
                    -0.000001, 1.616825,-0.000000, 1.000000;;
                  }
                  Frame LeftHand {
                    FrameTransformMatrix {
                       0.998523, 0.028223,-0.046433, 0.000000,
                      -0.030320, 0.998523,-0.045092, 0.000000,
                       0.045092, 0.046433, 0.997903, 0.000000,
                      -0.000001, 1.374264, 0.000001, 1.000000;;
                    }
                    Frame Armature_001_pasted__joint17 {
                      FrameTransformMatrix {
                         0.866867, 0.144940,-0.477005, 0.000000,
                        -0.343279, 0.867382,-0.360288, 0.000000,
                         0.361525, 0.476068, 0.801660, 0.000000,
                        -0.136896, 0.746943,-0.640138, 1.000000;;
                      }
                      Frame Armature_001_pasted__joint18 {
                        FrameTransformMatrix {
                           0.909867,-0.240222, 0.338284, 0.000000,
                           0.100085, 0.918338, 0.382934, 0.000000,
                          -0.402648,-0.314562, 0.859608, 0.000000,
                           0.000000, 0.492389, 0.000000, 1.000000;;
                        }
                        Frame Armature_001_pasted__joint19 {
                          FrameTransformMatrix {
                             0.950224,-0.186924, 0.249267, 0.000000,
                             0.114694, 0.953719, 0.277966, 0.000000,
                            -0.289689,-0.235541, 0.927686, 0.000000,
                            -0.000001, 0.514272,-0.000000, 1.000000;;
                          }
                        } // End of Armature_001_pasted__joint19
                      } // End of Armature_001_pasted__joint18
                    } // End of Armature_001_pasted__joint17
                    Frame Armature_001_pasted__joint21 {
                      FrameTransformMatrix {
                         0.998033,-0.007351, 0.062261, 0.000000,
                         0.003544, 0.998129, 0.061040, 0.000000,
                        -0.062593,-0.060700, 0.996192, 0.000000,
                         0.054408, 1.580857,-0.502039, 1.000000;;
                      }
                      Frame Armature_001_pasted__joint22 {
                        FrameTransformMatrix {
                           0.999372,-0.024980, 0.025143, 0.000000,
                           0.024358, 0.999396, 0.024771, 0.000000,
                          -0.025747,-0.024143, 0.999377, 0.000000,
                           0.000001, 0.634130,-0.000000, 1.000000;;
                        }
                        Frame Armature_001_pasted__joint23 {
                          FrameTransformMatrix {
                             0.994023,-0.007499,-0.108916, 0.000000,
                            -0.004470, 0.994006,-0.109235, 0.000000,
                             0.109082, 0.109069, 0.988031, 0.000000,
                             0.000000, 0.353163,-0.000000, 1.000000;;
                          }
                        } // End of Armature_001_pasted__joint23
                      } // End of Armature_001_pasted__joint22
                    } // End of Armature_001_pasted__joint21
                    Frame Armature_001_pasted__joint25 {
                      FrameTransformMatrix {
                         0.997266, 0.006992, 0.073558, 0.000000,
                        -0.012180, 0.997450, 0.070319, 0.000000,
                        -0.072879,-0.071022, 0.994809, 0.000000,
                         0.048392, 1.568656,-0.073688, 1.000000;;
                      }
                      Frame Armature_001_pasted__joint26 {
                        FrameTransformMatrix {
                           0.998338,-0.039889,-0.041590, 0.000000,
                           0.038114, 0.998364,-0.042621, 0.000000,
                           0.043222, 0.040965, 0.998225, 0.000000,
                           0.000001, 0.892029, 0.000000, 1.000000;;
                        }
                        Frame Armature_001_pasted__joint27 {
                          FrameTransformMatrix {
                             0.999924, 0.000043, 0.012363, 0.000000,
                            -0.000196, 0.999924, 0.012361, 0.000000,
                            -0.012361,-0.012362, 0.999847, 0.000000,
                             0.000001, 0.378193, 0.000000, 1.000000;;
                          }
                        } // End of Armature_001_pasted__joint27
                      } // End of Armature_001_pasted__joint26
                    } // End of Armature_001_pasted__joint25
                    Frame Armature_001_pasted__joint29 {
                      FrameTransformMatrix {
                         0.997126,-0.011320, 0.074914, 0.000000,
                         0.005779, 0.997259, 0.073764, 0.000000,
                        -0.075544,-0.073120, 0.994458, 0.000000,
                         0.032672, 1.549816, 0.354959, 1.000000;;
                      }
                      Frame Armature_001_pasted__joint30 {
                        FrameTransformMatrix {
                           0.995692,-0.026517,-0.088853, 0.000000,
                           0.018518, 0.995800,-0.089666, 0.000000,
                           0.090858, 0.087635, 0.992000, 0.000000,
                           0.000001, 0.740302,-0.000000, 1.000000;;
                        }
                        Frame Armature_001_pasted__joint31 {
                          FrameTransformMatrix {
                             0.998356, 0.000200, 0.057324, 0.000000,
                            -0.003485, 0.998356, 0.057212, 0.000000,
                            -0.057218,-0.057318, 0.996715, 0.000000,
                            -0.000000, 0.326544,-0.000000, 1.000000;;
                          }
                        } // End of Armature_001_pasted__joint31
                      } // End of Armature_001_pasted__joint30
                    } // End of Armature_001_pasted__joint29
                    Frame Armature_001_pasted__joint33 {
                      FrameTransformMatrix {
                         0.999633,-0.026998,-0.001996, 0.000000,
                         0.026997, 0.999635,-0.000756, 0.000000,
                         0.002016, 0.000702, 0.999998, 0.000000,
                         0.001422, 1.530358, 0.860903, 1.000000;;
                      }
                      Frame Armature_001_pasted__joint34 {
                        FrameTransformMatrix {
                           0.999385,-0.000017, 0.035057, 0.000000,
                          -0.001208, 0.999389, 0.034929, 0.000000,
                          -0.035037,-0.034950, 0.998775, 0.000000,
                           0.000001, 0.488400,-0.000000, 1.000000;;
                        }
                        Frame Armature_001_pasted__joint35 {
                          FrameTransformMatrix {
                             0.999859, 0.000783,-0.016757, 0.000000,
                            -0.001063, 0.999860,-0.016705, 0.000000,
                             0.016742, 0.016721, 0.999720, 0.000000,
                             0.000001, 0.218532,-0.000001, 1.000000;;
                          }
                        } // End of Armature_001_pasted__joint35
                      } // End of Armature_001_pasted__joint34
                    } // End of Armature_001_pasted__joint33
                  } // End of LeftHand
                } // End of Armature_001_pasted__joint10
              } // End of Armature_001_pasted__joint9
            } // End of Armature_001_pasted__joint8
          } // End of Armature_001_pasted__joint7
        } // End of Armature_001_pasted__joint3
      } // End of Armature_001_pasted__joint2
      Frame Armature_001_pasted__joint62 {
        FrameTransformMatrix {
           0.994755,-0.101022, 0.016044, 0.000000,
          -0.085690,-0.737339, 0.670002, 0.000000,
          -0.055856,-0.667904,-0.742067, 0.000000,
          -1.129200,-1.000000, 0.000000, 1.000000;;
        }
        Frame Armature_001_pasted__joint63 {
          FrameTransformMatrix {
             0.999993,-0.003122,-0.002363, 0.000000,
             0.003790, 0.619560, 0.784859, 0.000000,
            -0.000987,-0.784934, 0.619735, 0.000000,
            -0.000000, 3.501176,-0.000000, 1.000000;;
          }
          Frame Armature_001_pasted__joint64 {
            FrameTransformMatrix {
               1.000000, 0.000110, 0.000988, 0.000000,
               0.000992,-0.167398,-0.985891, 0.000000,
               0.000057, 0.985898,-0.167366, 0.000000,
              -0.000000, 3.883869,-0.000000, 1.000000;;
            }
            Frame Armature_001_pasted__joint65 {
              FrameTransformMatrix {
                 1.000000, 0.000000, 0.000000, 0.000000,
                -0.000000, 1.000000,-0.000000, 0.000000,
                 0.000000, 0.000000, 1.000000, 0.000000,
                 0.000000, 1.000019,-0.000000, 1.000000;;
              }
            } // End of Armature_001_pasted__joint65
          } // End of Armature_001_pasted__joint64
        } // End of Armature_001_pasted__joint63
      } // End of Armature_001_pasted__joint62
    } // End of Armature_001_joint1
    Frame Armature_001_pasted__joint14_001 {
      FrameTransformMatrix {
         1.000000, 0.000000, 0.000000, 0.000000,
         0.000000, 1.000000, 0.000000, 0.000000,
         0.000000,-0.000000, 1.000000, 0.000000,
         2.012879, 0.625000, 0.516968, 1.000000;;
      }
    } // End of Armature_001_pasted__joint14_001
    Frame Armature_001_pasted__joint64_001 {
      FrameTransformMatrix {
         1.000000, 0.000000, 0.000000, 0.000000,
         0.000000, 1.000000, 0.000000, 0.000000,
         0.000000, 0.000000, 1.000000, 0.000000,
        -1.805698, 0.625000, 2.696115, 1.000000;;
      }
    } // End of Armature_001_pasted__joint64_001
    Frame Armature_001_pasted__joint14_002 {
      FrameTransformMatrix {
         1.000000, 0.000000, 0.000000, 0.000000,
         0.000000, 0.000000,-1.000000, 0.000000,
         0.000000, 1.000000, 0.000000, 0.000000,
         2.012879, 0.625000,-0.483032, 1.000000;;
      }
    } // End of Armature_001_pasted__joint14_002
    Frame Armature_001_pasted__joint64_002 {
      FrameTransformMatrix {
         1.000000, 0.000000, 0.000000, 0.000000,
         0.000000, 0.000000,-1.000000, 0.000000,
         0.000000, 1.000000, 0.000000, 0.000000,
        -1.805698, 0.625000, 1.696114, 1.000000;;
      }
    } // End of Armature_001_pasted__joint64_002
    Frame polySurface8 {
      FrameTransformMatrix {
         5.073645, 0.000000, 0.000000, 0.000000,
         0.000000, 5.073645,-0.000000, 0.000000,
         0.000000, 0.000000, 5.073645, 0.000000,
        -0.000000,-0.861692,-0.099244, 1.000000;;
      }
      Mesh { // polySurface8 mesh
        9544;
        -0.117322; 3.295056; 0.305773;,
        -0.126558; 3.355111; 0.348351;,
        -0.179177; 3.374718; 0.312165;,
        -0.162100; 3.317186; 0.277160;,
        -0.162100; 3.317186; 0.277160;,
        -0.179177; 3.374718; 0.312165;,
        -0.219766; 3.394121; 0.263865;,
        -0.194413; 3.339169; 0.240991;,
        -0.117322; 3.295056; 0.305773;,
        -0.060389; 3.275622; 0.339180;,
        -0.064918; 3.338083; 0.378677;,
        -0.126558; 3.355111; 0.348351;,
        -0.140243; 3.593481; 0.384476;,
        -0.070657; 3.590775; 0.412321;,
        -0.072821; 3.662159; 0.417747;,
        -0.143288; 3.663128; 0.395984;,
        -0.070657; 3.590775; 0.412321;,
         0.000000; 3.589879; 0.419957;,
         0.000000; 3.661445; 0.425023;,
        -0.072821; 3.662159; 0.417747;,
        -0.252904; 3.593046; 0.300164;,
        -0.205605; 3.593619; 0.349279;,
        -0.208664; 3.663177; 0.359803;,
        -0.260913; 3.662972; 0.309270;,
        -0.205605; 3.593619; 0.349279;,
        -0.140243; 3.593481; 0.384476;,
        -0.143288; 3.663128; 0.395984;,
        -0.208664; 3.663177; 0.359803;,
         0.060389; 3.275622; 0.339180;,
         0.117322; 3.295056; 0.305773;,
         0.126558; 3.355111; 0.348351;,
         0.064918; 3.338083; 0.378677;,
         0.179177; 3.374718; 0.312165;,
         0.126558; 3.355111; 0.348351;,
         0.117322; 3.295056; 0.305773;,
         0.162100; 3.317186; 0.277160;,
         0.219766; 3.394121; 0.263865;,
         0.179177; 3.374718; 0.312165;,
         0.162100; 3.317186; 0.277160;,
         0.194413; 3.339169; 0.240991;,
         0.140243; 3.593481; 0.384476;,
         0.205605; 3.593619; 0.349279;,
         0.208664; 3.663177; 0.359803;,
         0.143288; 3.663128; 0.395984;,
         0.205605; 3.593619; 0.349279;,
         0.252904; 3.593046; 0.300164;,
         0.260913; 3.662972; 0.309270;,
         0.208664; 3.663177; 0.359803;,
         0.000000; 3.589879; 0.419957;,
         0.070657; 3.590775; 0.412321;,
         0.072821; 3.662159; 0.417747;,
         0.000000; 3.661445; 0.425023;,
         0.070657; 3.590775; 0.412321;,
         0.140243; 3.593481; 0.384476;,
         0.143288; 3.663128; 0.395984;,
         0.072821; 3.662159; 0.417747;,
        -0.209093; 3.500251;-0.202999;,
        -0.177655; 3.483742;-0.220795;,
        -0.182492; 3.456444;-0.171268;,
        -0.225783; 3.490716;-0.168315;,
        -0.177655; 3.483742;-0.220795;,
        -0.126458; 3.462089;-0.236577;,
        -0.127386; 3.422355;-0.178347;,
        -0.182492; 3.456444;-0.171268;,
        -0.182492; 3.456444;-0.171268;,
        -0.127386; 3.422355;-0.178347;,
        -0.132588; 3.374743;-0.104696;,
        -0.185156; 3.419332;-0.107506;,
        -0.225783; 3.490716;-0.168315;,
        -0.182492; 3.456444;-0.171268;,
        -0.185156; 3.419332;-0.107506;,
        -0.240461; 3.475320;-0.117882;,
        -0.126458; 3.462089;-0.236577;,
        -0.065635; 3.446190;-0.248349;,
        -0.065259; 3.396160;-0.190505;,
        -0.127386; 3.422355;-0.178347;,
        -0.065635; 3.446190;-0.248349;,
        -0.000000; 3.445076;-0.253722;,
        -0.000000; 3.395835;-0.197718;,
        -0.065259; 3.396160;-0.190505;,
        -0.065259; 3.396160;-0.190505;,
        -0.000000; 3.395835;-0.197718;,
        -0.000000; 3.348127;-0.151676;,
        -0.067438; 3.351478;-0.141946;,
        -0.127386; 3.422355;-0.178347;,
        -0.065259; 3.396160;-0.190505;,
        -0.067438; 3.351478;-0.141946;,
        -0.132588; 3.374743;-0.104696;,
        -0.240461; 3.475320;-0.117882;,
        -0.185156; 3.419332;-0.107506;,
        -0.203420; 3.407155;-0.040140;,
        -0.253221; 3.460836;-0.052762;,
        -0.185156; 3.419332;-0.107506;,
        -0.132588; 3.374743;-0.104696;,
        -0.155366; 3.375811;-0.048332;,
        -0.203420; 3.407155;-0.040140;,
        -0.203420; 3.407155;-0.040140;,
        -0.155366; 3.375811;-0.048332;,
        -0.163873; 3.375354; 0.000247;,
        -0.207565; 3.400533; 0.043805;,
        -0.253221; 3.460836;-0.052762;,
        -0.203420; 3.407155;-0.040140;,
        -0.207565; 3.400533; 0.043805;,
        -0.242091; 3.416995; 0.050465;,
        -0.000000; 3.445076;-0.253722;,
         0.065635; 3.446190;-0.248349;,
         0.065259; 3.396160;-0.190505;,
        -0.000000; 3.395835;-0.197718;,
         0.065635; 3.446190;-0.248349;,
         0.126458; 3.462089;-0.236577;,
         0.127386; 3.422355;-0.178347;,
         0.065259; 3.396160;-0.190505;,
         0.065259; 3.396160;-0.190505;,
         0.127386; 3.422355;-0.178347;,
         0.132588; 3.374743;-0.104696;,
         0.067438; 3.351478;-0.141946;,
        -0.000000; 3.395835;-0.197718;,
         0.065259; 3.396160;-0.190505;,
         0.067438; 3.351478;-0.141946;,
        -0.000000; 3.348127;-0.151676;,
         0.126458; 3.462089;-0.236577;,
         0.177655; 3.483742;-0.220795;,
         0.182492; 3.456444;-0.171268;,
         0.127386; 3.422355;-0.178347;,
         0.177655; 3.483742;-0.220795;,
         0.209093; 3.500251;-0.202999;,
         0.225783; 3.490716;-0.168315;,
         0.182492; 3.456444;-0.171268;,
         0.182492; 3.456444;-0.171268;,
         0.225783; 3.490716;-0.168315;,
         0.240461; 3.475320;-0.117882;,
         0.185156; 3.419332;-0.107506;,
         0.127386; 3.422355;-0.178347;,
         0.182492; 3.456444;-0.171268;,
         0.185156; 3.419332;-0.107506;,
         0.132588; 3.374743;-0.104696;,
         0.132588; 3.374743;-0.104696;,
         0.185156; 3.419332;-0.107506;,
         0.203420; 3.407155;-0.040140;,
         0.155366; 3.375810;-0.048332;,
         0.185156; 3.419332;-0.107506;,
         0.240461; 3.475320;-0.117882;,
         0.253221; 3.460836;-0.052762;,
         0.203420; 3.407155;-0.040140;,
         0.203420; 3.407155;-0.040140;,
         0.253221; 3.460836;-0.052762;,
         0.242091; 3.416995; 0.050465;,
         0.207565; 3.400533; 0.043805;,
         0.155366; 3.375810;-0.048332;,
         0.203420; 3.407155;-0.040140;,
         0.207565; 3.400533; 0.043805;,
         0.163873; 3.375354; 0.000247;,
         0.163873; 3.375354; 0.000247;,
         0.207565; 3.400533; 0.043805;,
         0.214049; 3.396206; 0.065853;,
         0.169401; 3.362156; 0.049659;,
         0.207565; 3.400533; 0.043805;,
         0.242091; 3.416995; 0.050465;,
         0.254241; 3.415469; 0.065894;,
         0.214049; 3.396206; 0.065853;,
         0.214049; 3.396206; 0.065853;,
         0.254241; 3.415469; 0.065894;,
         0.244287; 3.393101; 0.129886;,
         0.208044; 3.376487; 0.111323;,
         0.169401; 3.362156; 0.049659;,
         0.214049; 3.396206; 0.065853;,
         0.208044; 3.376487; 0.111323;,
         0.163890; 3.346297; 0.097171;,
         0.250208; 3.414343; 0.206880;,
         0.219766; 3.394121; 0.263865;,
         0.194413; 3.339169; 0.240991;,
         0.225850; 3.364388; 0.190075;,
        -0.244287; 3.393101; 0.129886;,
        -0.208044; 3.376487; 0.111323;,
        -0.193344; 3.356322; 0.161554;,
        -0.225850; 3.364388; 0.190075;,
        -0.208044; 3.376487; 0.111323;,
        -0.163890; 3.346297; 0.097171;,
        -0.156367; 3.327202; 0.141917;,
        -0.193344; 3.356322; 0.161554;,
        -0.193344; 3.356322; 0.161554;,
        -0.156367; 3.327202; 0.141917;,
        -0.143694; 3.315437; 0.174375;,
        -0.166767; 3.337911; 0.203627;,
        -0.225850; 3.364388; 0.190075;,
        -0.193344; 3.356322; 0.161554;,
        -0.166767; 3.337911; 0.203627;,
        -0.194413; 3.339169; 0.240991;,
        -0.117322; 3.295056; 0.305773;,
        -0.096078; 3.312556; 0.256994;,
        -0.049107; 3.298051; 0.278555;,
        -0.060389; 3.275622; 0.339180;,
        -0.096078; 3.312556; 0.256994;,
        -0.078864; 3.294074; 0.222446;,
        -0.035270; 3.282922; 0.238330;,
        -0.049107; 3.298051; 0.278555;,
        -0.049107; 3.298051; 0.278555;,
        -0.035270; 3.282922; 0.238330;,
         0.000000; 3.279210; 0.251030;,
         0.000000; 3.286898; 0.280567;,
        -0.060389; 3.275622; 0.339180;,
        -0.049107; 3.298051; 0.278555;,
         0.000000; 3.286898; 0.280567;,
         0.000000; 3.256642; 0.361271;,
         0.252904; 3.593046; 0.300164;,
         0.293035; 3.593619; 0.237222;,
         0.300928; 3.663177; 0.244452;,
         0.260913; 3.662972; 0.309270;,
         0.293035; 3.593619; 0.237222;,
         0.325729; 3.596551; 0.163909;,
         0.334360; 3.663834; 0.168920;,
         0.300928; 3.663177; 0.244452;,
        -0.219766; 3.394121; 0.263865;,
        -0.250208; 3.414343; 0.206880;,
        -0.225850; 3.364388; 0.190075;,
        -0.194413; 3.339169; 0.240991;,
        -0.325729; 3.596551; 0.163909;,
        -0.293035; 3.593619; 0.237222;,
        -0.300929; 3.663177; 0.244452;,
        -0.334360; 3.663834; 0.168920;,
        -0.293035; 3.593619; 0.237222;,
        -0.252904; 3.593046; 0.300164;,
        -0.260913; 3.662972; 0.309270;,
        -0.300929; 3.663177; 0.244452;,
         0.143693; 3.315437; 0.174375;,
         0.166767; 3.337911; 0.203627;,
         0.134028; 3.323264; 0.234771;,
         0.118000; 3.306235; 0.198139;,
         0.166767; 3.337911; 0.203627;,
         0.194413; 3.339169; 0.240991;,
         0.162100; 3.317186; 0.277160;,
         0.134028; 3.323264; 0.234771;,
         0.134028; 3.323264; 0.234771;,
         0.162100; 3.317186; 0.277160;,
         0.117322; 3.295056; 0.305773;,
         0.096078; 3.312556; 0.256994;,
         0.118000; 3.306235; 0.198139;,
         0.134028; 3.323264; 0.234771;,
         0.096078; 3.312556; 0.256994;,
         0.078864; 3.294074; 0.222446;,
         0.000000; 3.279210; 0.251030;,
         0.035270; 3.282922; 0.238330;,
         0.049107; 3.298051; 0.278555;,
         0.000000; 3.286898; 0.280567;,
         0.035270; 3.282922; 0.238330;,
         0.078864; 3.294074; 0.222446;,
         0.096078; 3.312556; 0.256994;,
         0.049107; 3.298051; 0.278555;,
         0.049107; 3.298051; 0.278555;,
         0.096078; 3.312556; 0.256994;,
         0.117322; 3.295056; 0.305773;,
         0.060389; 3.275622; 0.339180;,
         0.000000; 3.286898; 0.280567;,
         0.049107; 3.298051; 0.278555;,
         0.060389; 3.275622; 0.339180;,
         0.000000; 3.256642; 0.361271;,
        -0.143694; 3.315437; 0.174375;,
        -0.118000; 3.306235; 0.198139;,
        -0.134028; 3.323264; 0.234771;,
        -0.166767; 3.337911; 0.203627;,
        -0.118000; 3.306235; 0.198139;,
        -0.078864; 3.294074; 0.222446;,
        -0.096078; 3.312556; 0.256994;,
        -0.134028; 3.323264; 0.234771;,
        -0.134028; 3.323264; 0.234771;,
        -0.096078; 3.312556; 0.256994;,
        -0.117322; 3.295056; 0.305773;,
        -0.162100; 3.317186; 0.277160;,
        -0.166767; 3.337911; 0.203627;,
        -0.134028; 3.323264; 0.234771;,
        -0.162100; 3.317186; 0.277160;,
        -0.194413; 3.339169; 0.240991;,
         0.143693; 3.315437; 0.174375;,
         0.156367; 3.327202; 0.141917;,
         0.193344; 3.356322; 0.161554;,
         0.166767; 3.337911; 0.203627;,
         0.156367; 3.327202; 0.141917;,
         0.163890; 3.346297; 0.097171;,
         0.208044; 3.376487; 0.111323;,
         0.193344; 3.356322; 0.161554;,
         0.193344; 3.356322; 0.161554;,
         0.208044; 3.376487; 0.111323;,
         0.244287; 3.393101; 0.129886;,
         0.225850; 3.364388; 0.190075;,
         0.166767; 3.337911; 0.203627;,
         0.193344; 3.356322; 0.161554;,
         0.225850; 3.364388; 0.190075;,
         0.194413; 3.339169; 0.240991;,
        -0.242091; 3.416995; 0.050465;,
        -0.207565; 3.400533; 0.043805;,
        -0.214049; 3.396206; 0.065853;,
        -0.254241; 3.415469; 0.065894;,
        -0.207565; 3.400533; 0.043805;,
        -0.163873; 3.375354; 0.000247;,
        -0.169401; 3.362156; 0.049659;,
        -0.214049; 3.396206; 0.065853;,
        -0.214049; 3.396206; 0.065853;,
        -0.169401; 3.362156; 0.049659;,
        -0.163890; 3.346297; 0.097171;,
        -0.208044; 3.376487; 0.111323;,
        -0.254241; 3.415469; 0.065894;,
        -0.214049; 3.396206; 0.065853;,
        -0.208044; 3.376487; 0.111323;,
        -0.244287; 3.393101; 0.129886;,
        -0.250910; 3.559680; 0.299888;,
        -0.204296; 3.559998; 0.348495;,
        -0.205605; 3.593619; 0.349279;,
        -0.252904; 3.593046; 0.300164;,
        -0.204296; 3.559998; 0.348495;,
        -0.139091; 3.559567; 0.384598;,
        -0.140243; 3.593481; 0.384476;,
        -0.205605; 3.593619; 0.349279;,
        -0.139091; 3.559567; 0.384598;,
        -0.069839; 3.556262; 0.418383;,
        -0.070657; 3.590775; 0.412321;,
        -0.140243; 3.593481; 0.384476;,
        -0.069839; 3.556262; 0.418383;,
        -0.000000; 3.561244; 0.431200;,
         0.000000; 3.589879; 0.419957;,
        -0.070657; 3.590775; 0.412321;,
        -0.000000; 3.561244; 0.431200;,
         0.069839; 3.556262; 0.418383;,
         0.070657; 3.590775; 0.412321;,
         0.000000; 3.589879; 0.419957;,
         0.069839; 3.556262; 0.418383;,
         0.139091; 3.559567; 0.384598;,
         0.140243; 3.593481; 0.384476;,
         0.070657; 3.590775; 0.412321;,
         0.139091; 3.559567; 0.384598;,
         0.204296; 3.559998; 0.348495;,
         0.205605; 3.593619; 0.349279;,
         0.140243; 3.593481; 0.384476;,
         0.204296; 3.559998; 0.348495;,
         0.250909; 3.559680; 0.299888;,
         0.252904; 3.593046; 0.300164;,
         0.205605; 3.593619; 0.349279;,
         0.250909; 3.559680; 0.299888;,
         0.291242; 3.559494; 0.235348;,
         0.293035; 3.593619; 0.237222;,
         0.252904; 3.593046; 0.300164;,
         0.291242; 3.559494; 0.235348;,
         0.322401; 3.563695; 0.162229;,
         0.325729; 3.596551; 0.163909;,
         0.293035; 3.593619; 0.237222;,
        -0.322400; 3.563695; 0.162229;,
        -0.291243; 3.559494; 0.235348;,
        -0.293035; 3.593619; 0.237222;,
        -0.325729; 3.596551; 0.163909;,
        -0.291243; 3.559494; 0.235348;,
        -0.250910; 3.559680; 0.299888;,
        -0.252904; 3.593046; 0.300164;,
        -0.293035; 3.593619; 0.237222;,
        -0.249771; 3.531905; 0.310193;,
        -0.202626; 3.530517; 0.360765;,
        -0.204296; 3.559998; 0.348495;,
        -0.250910; 3.559680; 0.299888;,
        -0.202626; 3.530517; 0.360765;,
        -0.136911; 3.528836; 0.403665;,
        -0.139091; 3.559567; 0.384598;,
        -0.204296; 3.559998; 0.348495;,
        -0.136911; 3.528836; 0.403665;,
        -0.068643; 3.533821; 0.435961;,
        -0.069839; 3.556262; 0.418383;,
        -0.139091; 3.559567; 0.384598;,
        -0.068643; 3.533821; 0.435961;,
        -0.000000; 3.539342; 0.486436;,
        -0.000000; 3.561244; 0.431200;,
        -0.069839; 3.556262; 0.418383;,
        -0.000000; 3.539342; 0.486436;,
         0.068643; 3.533821; 0.435961;,
         0.069839; 3.556262; 0.418383;,
        -0.000000; 3.561244; 0.431200;,
         0.068643; 3.533821; 0.435961;,
