xof 0303txt 0032

template AnimTicksPerSecond {
  <9E415A43-7BA6-4a73-8743-B73D47E88476>
  DWORD AnimTicksPerSecond;
}

template XSkinMeshHeader {
  <3cf169ce-ff7c-44ab-93c0-f78f62d172e2>
  WORD nMaxSkinWeightsPerVertex;
  WORD nMaxSkinWeightsPerFace;
  WORD nBones;
}

template SkinWeights {
  <6f0d123b-bad2-4167-a0d0-80224f25fabb>
  STRING transformNodeName;
  DWORD nWeights;
  array DWORD vertexIndices[nWeights];
  array float weights[nWeights];
  Matrix4x4 matrixOffset;
}

Frame Root {
  FrameTransformMatrix {
     1.000000, 0.000000, 0.000000, 0.000000,
     0.000000,-0.000000,-1.000000, 0.000000,
     0.000000, 1.000000,-0.000000, 0.000000,
     0.000000, 0.000000, 0.000000, 1.000000;;
  }
  Frame Armature_001 {
    FrameTransformMatrix {
       0.699512, 0.000000, 0.000000, 0.000000,
       0.000000,-0.000000, 0.699512, 0.000000,
       0.000000,-0.699512,-0.000000, 0.000000,
       0.000000, 0.000000, 0.000000, 1.000000;;
    }
    Frame Armature_001_joint1 {
      FrameTransformMatrix {
        -1.000000,-0.000000, 0.000000, 0.000000,
        -0.000000, 1.000000, 0.000000, 0.000000,
        -0.000000, 0.000000,-1.000000, 0.000000,
        -0.000000, 6.570879, 0.000000, 1.000000;;
      }
      Frame Armature_001_pasted__joint2 {
        FrameTransformMatrix {
           0.980392, 0.019608, 0.196078, 0.000000,
           0.019608, 0.980392,-0.196078, 0.000000,
          -0.196078, 0.196078, 0.960784, 0.000000,
           0.000000, 2.000000, 0.000000, 1.000000;;
        }
        Frame Armature_001_pasted__joint3 {
          FrameTransformMatrix {
             1.000000, 0.000000, 0.000000, 0.000000,
             0.000000, 1.000000, 0.000000, 0.000000,
             0.000000, 0.000000, 1.000000, 0.000000,
             0.000000, 1.999999,-0.000000, 1.000000;;
          }
          Frame Armature_001_pasted__joint4 {
            FrameTransformMatrix {
               0.980237, 0.008803,-0.197632, 0.000000,
               0.008803, 0.996079, 0.088033, 0.000000,
               0.197632,-0.088033, 0.976315, 0.000000,
              -0.000000, 1.000002,-0.000000, 1.000000;;
            }
            Frame Armature_001_pasted__joint5 {
              FrameTransformMatrix {
                 1.000000,-0.000000, 0.000000, 0.000000,
                 0.000000, 1.000000, 0.000000, 0.000000,
                 0.000000,-0.000000, 1.000000, 0.000000,
                 0.000000, 1.000000, 0.000000, 1.000000;;
              }
            } // End of Armature_001_pasted__joint5
          } // End of Armature_001_pasted__joint4
          Frame Armature_001_pasted__joint41 {
            FrameTransformMatrix {
              -0.106331,-0.994103, 0.021266, 0.000000,
               0.917407,-0.106331,-0.383481, 0.000000,
               0.383481,-0.021266, 0.923304, 0.000000,
               1.000000, 0.545701,-0.000000, 1.000000;;
            }
            Frame Armature_001_pasted__joint42 {
              FrameTransformMatrix {
                 0.724138,-0.689655, 0.000000, 0.000000,
                 0.689655, 0.724138, 0.000000, 0.000000,
                -0.000000, 0.000000, 1.000000, 0.000000,
                -0.055900, 0.790130, 0.000000, 1.000000;;
              }
              Frame Armature_001_pasted__joint43 {
                FrameTransformMatrix {
                   1.000000, 0.000000, 0.000000, 0.000000,
                   0.000000, 0.724138,-0.689655, 0.000000,
                  -0.000000, 0.689655, 0.724138, 0.000000,
                   0.000001, 2.559660, 0.000000, 1.000000;;
                }
                Frame Armature_001_pasted__joint44 {
                  FrameTransformMatrix {
                    -0.000000,-1.000000,-0.000000, 0.000000,
                     0.586004,-0.000000, 0.810308, 0.000000,
                    -0.810308, 0.000000, 0.586004, 0.000000,
                     0.000001, 1.000001, 0.000000, 1.000000;;
                  }
                  Frame Armature_001_pasted__joint45 {
                    FrameTransformMatrix {
                      -0.020201,-0.612403,-0.790287, 0.000000,
                      -0.977192,-0.155039, 0.145120, 0.000000,
                      -0.211397, 0.775194,-0.595303, 0.000000,
                      -1.000000, 0.000001,-0.000000, 1.000000;;
                    }
                    Frame Armature_001_pasted__joint46 {
                      FrameTransformMatrix {
                         1.000000,-0.000000,-0.000000, 0.000000,
                         0.000000, 0.985272, 0.170995, 0.000000,
                         0.000000,-0.170995, 0.985272, 0.000000,
                        -0.000000, 1.176532, 0.006709, 1.000000;;
                      }
                      Frame Armature_001_pasted__joint47 {
                        FrameTransformMatrix {
                           1.000000, 0.000004,-0.000000, 0.000000,
                          -0.000004, 1.000000, 0.000000, 0.000000,
                           0.000000,-0.000000, 1.000000, 0.000000,
                          -0.000000, 0.633191, 0.000000, 1.000000;;
                        }
                        Frame Armature_001_pasted__joint48 {
                          FrameTransformMatrix {
                             1.000000,-0.000004, 0.000000, 0.000000,
                             0.000004, 1.000000,-0.000000, 0.000000,
                            -0.000000, 0.000000, 1.000000, 0.000000,
                             0.000001, 0.268049,-0.000000, 1.000000;;
                          }
                        } // End of Armature_001_pasted__joint48
                      } // End of Armature_001_pasted__joint47
                    } // End of Armature_001_pasted__joint46
                    Frame Armature_001_pasted__joint50 {
                      FrameTransformMatrix {
                         0.883133,-0.461435, 0.084587, 0.000000,
                         0.469124, 0.868658,-0.159236, 0.000000,
                        -0.000000, 0.180308, 0.983610, 0.000000,
                         0.075200, 0.654553,-0.563014, 1.000000;;
                      }
                      Frame Armature_001_pasted__joint51 {
                        FrameTransformMatrix {
                           0.898494, 0.438877,-0.009758, 0.000000,
                          -0.419388, 0.864737, 0.276303, 0.000000,
                           0.129701,-0.244165, 0.961021, 0.000000,
                           0.000024, 0.325668, 0.000003, 1.000000;;
                        }
                        Frame Armature_001_pasted__joint52 {
                          FrameTransformMatrix {
                             0.992724, 0.118557, 0.021047, 0.000000,
                            -0.120101, 0.962396, 0.243658, 0.000000,
                             0.008632,-0.244413, 0.969633, 0.000000,
                             0.039716, 0.391254,-0.000000, 1.000000;;
                          }
                        } // End of Armature_001_pasted__joint52
                      } // End of Armature_001_pasted__joint51
                    } // End of Armature_001_pasted__joint50
                    Frame Armature_001_pasted__joint54 {
                      FrameTransformMatrix {
                         0.997803,-0.065554,-0.009543, 0.000000,
                         0.066245, 0.987395, 0.143743, 0.000000,
                        -0.000000,-0.144059, 0.989569, 0.000000,
                        -0.003300, 1.221332,-0.269446, 1.000000;;
                      }
                      Frame Armature_001_pasted__joint55 {
                        FrameTransformMatrix {
                           0.997803, 0.066245,-0.000000, 0.000000,
                          -0.066240, 0.997735, 0.011719, 0.000000,
                           0.000776,-0.011693, 0.999931, 0.000000,
                           0.001240, 0.450803,-0.000494, 1.000000;;
                        }
                        Frame Armature_001_pasted__joint56 {
                          FrameTransformMatrix {
                             1.000000, 0.000000,-0.000000, 0.000000,
                             0.000000, 0.999944, 0.010547, 0.000000,
                             0.000000,-0.010547, 0.999944, 0.000000,
                             0.000000, 0.249580, 0.000002, 1.000000;;
                          }
                        } // End of Armature_001_pasted__joint56
                      } // End of Armature_001_pasted__joint55
                    } // End of Armature_001_pasted__joint54
                    Frame Armature_001_pasted__joint58 {
                      FrameTransformMatrix {
                         0.996729,-0.079733,-0.013211, 0.000000,
                         0.080820, 0.983323, 0.162922, 0.000000,
                         0.000000,-0.163457, 0.986550, 0.000000,
                        -0.004500, 1.129418, 0.280046, 1.000000;;
                      }
                      Frame Armature_001_pasted__joint59 {
                        FrameTransformMatrix {
                           0.996729, 0.080820, 0.000000, 0.000000,
                          -0.080787, 0.996324, 0.028480, 0.000000,
                           0.002302,-0.028387, 0.999594, 0.000000,
                           0.000757, 0.515293,-0.000070, 1.000000;;
                        }
                        Frame Armature_001_pasted__joint60 {
                          FrameTransformMatrix {
                             1.000000, 0.000000, 0.000000, 0.000000,
                            -0.000000, 0.999078,-0.042943, 0.000000,
                            -0.000000, 0.042943, 0.999077, 0.000000,
                             0.000000, 0.219017, 0.000000, 1.000000;;
                          }
                        } // End of Armature_001_pasted__joint60
                      } // End of Armature_001_pasted__joint59
                    } // End of Armature_001_pasted__joint58
                    Frame Armature_001_pasted__joint62 {
                      FrameTransformMatrix {
                         0.999998, 0.001851, 0.000307, 0.000000,
                        -0.001876, 0.986563, 0.163369, 0.000000,
                        -0.000000,-0.163369, 0.986565, 0.000000,
                        -0.001000, 1.074273, 0.580539, 1.000000;;
                      }
                      Frame Armature_001_pasted__joint63 {
                        FrameTransformMatrix {
                           0.999994,-0.003410,-0.000031, 0.000000,
                           0.003410, 0.999835, 0.017853, 0.000000,
                          -0.000030,-0.017853, 0.999841, 0.000000,
                           0.000028, 0.334961,-0.000001, 1.000000;;
                        }
                        Frame Armature_001_pasted__joint64 {
                          FrameTransformMatrix {
                             0.999943, 0.010630,-0.000637, 0.000000,
                            -0.010648, 0.997477,-0.070191, 0.000000,
                            -0.000111, 0.070194, 0.997533, 0.000000,
                             0.000046, 0.165968, 0.000000, 1.000000;;
                          }
                        } // End of Armature_001_pasted__joint64
                      } // End of Armature_001_pasted__joint63
                    } // End of Armature_001_pasted__joint62
                  } // End of Armature_001_pasted__joint45
                  Frame Armature_001_pasted__joint66 {
                    FrameTransformMatrix {
                      -0.098917, 0.192751, 0.976249, 0.000000,
                      -0.812291, 0.551056,-0.191105, 0.000000,
                      -0.574803,-0.811901, 0.102061, 0.000000,
                       0.044881, 1.713390,-0.005474, 1.000000;;
                    }
                  } // End of Armature_001_pasted__joint66
                } // End of Armature_001_pasted__joint44
              } // End of Armature_001_pasted__joint43
              Frame Armature_001_pasted__joint68 {
                FrameTransformMatrix {
                   0.948375,-0.126781, 0.290709, 0.000000,
                  -0.009742, 0.904547, 0.426263, 0.000000,
                  -0.317001,-0.407089, 0.856615, 0.000000,
                   1.902231, 0.522340,-0.009238, 1.000000;;
                }
              } // End of Armature_001_pasted__joint68
            } // End of Armature_001_pasted__joint42
          } // End of Armature_001_pasted__joint41
          Frame Armature_001_pasted__joint7 {
            FrameTransformMatrix {
              -0.101467, 0.994373,-0.030440, 0.000000,
              -0.829700,-0.101468,-0.548910, 0.000000,
              -0.548910,-0.030440, 0.835327, 0.000000,
              -1.000000, 0.545672, 0.000000, 1.000000;;
            }
            Frame Armature_001_pasted__joint8 {
              FrameTransformMatrix {
                 0.847456, 0.508476,-0.152544, 0.000000,
                -0.508476, 0.694913,-0.508476, 0.000000,
                -0.152544, 0.508476, 0.847456, 0.000000,
                 0.055965, 0.790127,-0.000000, 1.000000;;
              }
              Frame Armature_001_pasted__joint32 {
                FrameTransformMatrix {
                   0.700522, 0.679304,-0.218666, 0.000000,
                  -0.358189, 0.599717, 0.715570, 0.000000,
                   0.617228,-0.422949, 0.663434, 0.000000,
                  -1.902265, 0.522346,-0.009239, 1.000000;;
                }
              } // End of Armature_001_pasted__joint32
              Frame Armature_001_pasted__joint9 {
                FrameTransformMatrix {
                   0.987879,-0.096970,-0.121212, 0.000000,
                  -0.096970, 0.224243,-0.969697, 0.000000,
                   0.121212, 0.969697, 0.212121, 0.000000,
                  -0.000001, 2.559661, 0.000000, 1.000000;;
                }
                Frame Armature_001_pasted__joint10 {
                  FrameTransformMatrix {
                     0.000000, 1.000000,-0.000000, 0.000000,
                    -1.000000,-0.000000,-0.000000, 0.000000,
                    -0.000000, 0.000000, 1.000000, 0.000000,
                    -0.000000, 1.000000, 0.000001, 1.000000;;
                  }
                  Frame LeftHand {
                    FrameTransformMatrix {
                      -0.000000,-1.000000, 0.000000, 0.000000,
                       0.985272, 0.000000,-0.170995, 0.000000,
                       0.170995, 0.000000, 0.985272, 0.000000,
                       1.000000,-0.000001,-0.000000, 1.000000;;
                    }
                    Frame Armature_001_pasted__joint12 {
                      FrameTransformMatrix {
                         1.000000,-0.000000,-0.000000, 0.000000,
                         0.000000, 0.985272, 0.170995, 0.000000,
                         0.000000,-0.170995, 0.985272, 0.000000,
                        -0.000000, 1.176537, 0.006709, 1.000000;;
                      }
                      Frame Armature_001_pasted__joint13 {
                        FrameTransformMatrix {
                           1.000000,-0.000000,-0.000000, 0.000000,
                          -0.000000, 1.000000,-0.000000, 0.000000,
                           0.000000, 0.000000, 1.000000, 0.000000,
                          -0.000000, 0.633187, 0.000000, 1.000000;;
                        }
                        Frame Armature_001_pasted__joint14 {
                          FrameTransformMatrix {
                             1.000000,-0.000000, 0.000000, 0.000000,
                            -0.000000, 1.000000, 0.000000, 0.000000,
                            -0.000000,-0.000000, 1.000000, 0.000000,
                            -0.000001, 0.268050,-0.000001, 1.000000;;
                          }
                        } // End of Armature_001_pasted__joint14
                      } // End of Armature_001_pasted__joint13
                    } // End of Armature_001_pasted__joint12
                    Frame Armature_001_pasted__joint16 {
                      FrameTransformMatrix {
                         0.883132, 0.461435,-0.084587, 0.000000,
                        -0.469124, 0.868658,-0.159236, 0.000000,
                         0.000000, 0.180308, 0.983610, 0.000000,
                        -0.075234, 0.654557,-0.563013, 1.000000;;
                      }
                      Frame Armature_001_pasted__joint17 {
                        FrameTransformMatrix {
                           0.898494,-0.438878, 0.009758, 0.000000,
                           0.419389, 0.864737, 0.276304, 0.000000,
                          -0.129702,-0.244165, 0.961021, 0.000000,
                          -0.000000, 0.325654,-0.000000, 1.000000;;
                        }
                        Frame Armature_001_pasted__joint18 {
                          FrameTransformMatrix {
                             0.992724,-0.118557,-0.021048, 0.000000,
                             0.120101, 0.962396, 0.243657, 0.000000,
                            -0.008631,-0.244412, 0.969633, 0.000000,
                            -0.039766, 0.391257,-0.000000, 1.000000;;
                          }
                        } // End of Armature_001_pasted__joint18
                      } // End of Armature_001_pasted__joint17
                    } // End of Armature_001_pasted__joint16
                    Frame Armature_001_pasted__joint20 {
                      FrameTransformMatrix {
                         0.997804, 0.065553, 0.009543, 0.000000,
                        -0.066244, 0.987396, 0.143743, 0.000000,
                         0.000000,-0.144059, 0.989569, 0.000000,
                         0.003237, 1.221329,-0.269447, 1.000000;;
                      }
                      Frame Armature_001_pasted__joint21 {
                        FrameTransformMatrix {
                           0.997804,-0.066244,-0.000000, 0.000000,
                           0.066240, 0.997735, 0.011719, 0.000000,
                          -0.000776,-0.011693, 0.999931, 0.000000,
                          -0.001199, 0.450806,-0.000494, 1.000000;;
                        }
                        Frame Armature_001_pasted__joint22 {
                          FrameTransformMatrix {
                             1.000000, 0.000005,-0.000000, 0.000000,
                            -0.000005, 0.999944, 0.010547, 0.000000,
                             0.000000,-0.010547, 0.999944, 0.000000,
                            -0.000000, 0.249577, 0.000000, 1.000000;;
                          }
                        } // End of Armature_001_pasted__joint22
                      } // End of Armature_001_pasted__joint21
                    } // End of Armature_001_pasted__joint20
                    Frame Armature_001_pasted__joint24 {
                      FrameTransformMatrix {
                         0.996729, 0.079733, 0.013211, 0.000000,
                        -0.080820, 0.983323, 0.162922, 0.000000,
                         0.000000,-0.163457, 0.986550, 0.000000,
                         0.004425, 1.129421, 0.280046, 1.000000;;
                      }
                      Frame Armature_001_pasted__joint25 {
                        FrameTransformMatrix {
                           0.996729,-0.080821,-0.000000, 0.000000,
                           0.080788, 0.996324, 0.028480, 0.000000,
                          -0.002302,-0.028387, 0.999594, 0.000000,
                          -0.000730, 0.515288,-0.000070, 1.000000;;
                        }
                        Frame Armature_001_pasted__joint26 {
                          FrameTransformMatrix {
                             1.000000, 0.000000, 0.000000, 0.000000,
                            -0.000000, 0.999078,-0.042943, 0.000000,
                            -0.000000, 0.042943, 0.999077, 0.000000,
                             0.000001, 0.219021, 0.000000, 1.000000;;
                          }
                        } // End of Armature_001_pasted__joint26
                      } // End of Armature_001_pasted__joint25
                    } // End of Armature_001_pasted__joint24
                    Frame Armature_001_pasted__joint28 {
                      FrameTransformMatrix {
                         0.999998,-0.001851,-0.000307, 0.000000,
                         0.001876, 0.986563, 0.163369, 0.000000,
                         0.000000,-0.163369, 0.986565, 0.000000,
                         0.000933, 1.074276, 0.580539, 1.000000;;
                      }
                      Frame Armature_001_pasted__joint29 {
                        FrameTransformMatrix {
                           0.999994, 0.003416, 0.000031, 0.000000,
                          -0.003416, 0.999835, 0.017853, 0.000000,
                           0.000030,-0.017853, 0.999841, 0.000000,
                           0.000001, 0.334960, 0.000000, 1.000000;;
                        }
                        Frame Armature_001_pasted__joint30 {
                          FrameTransformMatrix {
                             0.999943,-0.010629, 0.000637, 0.000000,
                             0.010648, 0.997477,-0.070191, 0.000000,
                             0.000111, 0.070194, 0.997533, 0.000000,
                            -0.000001, 0.165963,-0.000000, 1.000000;;
                          }
                        } // End of Armature_001_pasted__joint30
                      } // End of Armature_001_pasted__joint29
                    } // End of Armature_001_pasted__joint28
                  } // End of LeftHand
                  Frame Armature_001_pasted__joint34 {
                    FrameTransformMatrix {
                       0.037792, 0.796790,-0.603073, 0.000000,
                       0.075497, 0.599503, 0.796804, 0.000000,
                       0.996430,-0.075643,-0.037499, 0.000000,
                      -0.044879, 1.713422,-0.005474, 1.000000;;
                    }
                  } // End of Armature_001_pasted__joint34
                } // End of Armature_001_pasted__joint10
              } // End of Armature_001_pasted__joint9
            } // End of Armature_001_pasted__joint8
          } // End of Armature_001_pasted__joint7
        } // End of Armature_001_pasted__joint3
      } // End of Armature_001_pasted__joint2
      Frame Armature_001_pasted__joint36 {
        FrameTransformMatrix {
           0.998154,-0.060705, 0.001932, 0.000000,
          -0.057478,-0.954404,-0.292925, 0.000000,
           0.019627, 0.292279,-0.956151, 0.000000,
          -0.864523,-1.000000,-0.000000, 1.000000;;
        }
        Frame Armature_001_pasted__joint37 {
          FrameTransformMatrix {
             1.000000, 0.000329,-0.000207, 0.000000,
            -0.000382, 0.734270,-0.678853, 0.000000,
            -0.000071, 0.678858, 0.734278, 0.000000,
            -0.000000, 2.107551,-0.000000, 1.000000;;
          }
          Frame Armature_001_pasted__joint38 {
            FrameTransformMatrix {
               0.000014,-0.900992,-0.433851, 0.000000,
              -0.000076,-0.433856, 0.900982, 0.000000,
              -1.000000, 0.000020,-0.000075, 0.000000,
              -0.000000, 3.501216, 0.000000, 1.000000;;
            }
            Frame Armature_001_pasted__joint39 {
              FrameTransformMatrix {
                 1.000000, 0.000000,-0.000000, 0.000000,
                -0.000000, 1.000000,-0.000000, 0.000000,
                 0.000000, 0.000000, 1.000000, 0.000000,
                -0.000000, 0.684327, 0.000000, 1.000000;;
              }
            } // End of Armature_001_pasted__joint39
          } // End of Armature_001_pasted__joint38
        } // End of Armature_001_pasted__joint37
      } // End of Armature_001_pasted__joint36
      Frame Armature_001_pasted__joint70 {
        FrameTransformMatrix {
           0.994349, 0.104775, 0.017074, 0.000000,
           0.094235,-0.797143,-0.596424, 0.000000,
          -0.048880, 0.594643,-0.802551, 0.000000,
           0.864523,-1.000000, 0.000000, 1.000000;;
        }
        Frame Armature_001_pasted__joint71 {
          FrameTransformMatrix {
             0.999995, 0.002824,-0.001478, 0.000000,
            -0.003127, 0.779057,-0.627012, 0.000000,
            -0.000620, 0.626974, 0.778969, 0.000000,
             0.000001, 2.107547,-0.000000, 1.000000;;
          }
          Frame Armature_001_pasted__joint72 {
            FrameTransformMatrix {
               0.000009, 0.999268, 0.038217, 0.000000,
              -0.000614,-0.038214, 0.999271, 0.000000,
               1.000000,-0.000032, 0.000614, 0.000000,
              -0.000000, 3.501221, 0.000000, 1.000000;;
            }
            Frame Armature_001_pasted__joint73 {
              FrameTransformMatrix {
                 1.000000,-0.000000,-0.000000, 0.000000,
                 0.000000, 1.000000,-0.000000, 0.000000,
                 0.000000,-0.000000, 1.000000, 0.000000,
                -0.000000, 0.684323,-0.000000, 1.000000;;
              }
            } // End of Armature_001_pasted__joint73
          } // End of Armature_001_pasted__joint72
        } // End of Armature_001_pasted__joint71
      } // End of Armature_001_pasted__joint70
    } // End of Armature_001_joint1
    Frame Armature_001_pasted__joint38_001 {
      FrameTransformMatrix {
        -0.000001,-1.000000, 0.000000, 0.000000,
         0.000000, 0.000000,-1.000000, 0.000000,
         1.000000,-0.000001, 0.000000, 0.000000,
         1.180080, 0.411000,-0.901813, 1.000000;;
      }
    } // End of Armature_001_pasted__joint38_001
    Frame Armature_001_pasted__joint38_002 {
      FrameTransformMatrix {
        -0.000001, 0.472761,-0.881191, 0.000000,
         0.000000, 0.881191, 0.472761, 0.000000,
         1.000000, 0.000000,-0.000001, 0.000000,
         1.180080, 0.411000,-0.217813, 1.000000;;
      }
    } // End of Armature_001_pasted__joint38_002
    Frame Armature_001_pasted__joint72_001 {
      FrameTransformMatrix {
        -0.000001, 1.000000,-0.000300, 0.000000,
         0.000000,-0.000300,-1.000000, 0.000000,
        -1.000000,-0.000001,-0.000000, 0.000000,
        -1.427459, 0.411300, 1.122422, 1.000000;;
      }
    } // End of Armature_001_pasted__joint72_001
    Frame Armature_001_pasted__joint72_002 {
      FrameTransformMatrix {
        -0.000001,-0.472761, 0.881191, 0.000000,
         0.000000, 0.881191, 0.472761, 0.000000,
        -1.000000, 0.000000,-0.000001, 0.000000,
        -1.427459, 0.411000, 1.806422, 1.000000;;
      }
    } // End of Armature_001_pasted__joint72_002
    Frame Armature_001_pasted__joint34_001 {
      FrameTransformMatrix {
        -0.000000, 0.003830, 0.999993, 0.000000,
         0.000000,-0.999993, 0.003830, 0.000000,
         1.000007, 0.000000, 0.000000, 0.000000,
         0.751455, 5.186976, 2.884204, 1.000000;;
      }
    } // End of Armature_001_pasted__joint34_001
    Frame Armature_001_pasted__joint32_001 {
      FrameTransformMatrix {
        -0.999984,-0.000249, 0.005666, 0.000000,
         0.000045,-0.999991,-0.004191, 0.000000,
         0.005668,-0.004189, 0.999984, 0.000000,
         3.057442, 6.569545, 0.279523, 1.000000;;
      }
    } // End of Armature_001_pasted__joint32_001
    Frame Armature_001_pasted__joint66_001 {
      FrameTransformMatrix {
        -0.000000,-0.003830,-0.999993, 0.000000,
         0.000000,-0.999993, 0.003830, 0.000000,
        -1.000007, 0.000000, 0.000000, 0.000000,
        -3.785591, 6.011597, 0.005475, 1.000000;;
      }
    } // End of Armature_001_pasted__joint66_001
    Frame Armature_001_pasted__joint68_001 {
      FrameTransformMatrix {
        -0.999990, 0.000231,-0.004438, 0.000000,
        -0.000042,-0.999991,-0.004191, 0.000000,
        -0.004439,-0.004189, 0.999990, 0.000000,
        -2.632000, 7.551690,-1.312037, 1.000000;;
      }
    } // End of Armature_001_pasted__joint68_001
    Frame a1 {
      FrameTransformMatrix {
         5.016819,-0.000000,-0.000000, 0.000000,
        -0.000000, 5.016819,-0.000000, 0.000000,
         0.000000, 0.000000, 5.016819, 0.000000,
         0.000302, 0.067553,-0.128281, 1.000000;;
      }
      Mesh { // a1 mesh
        11656;
        -1.629937; 2.310805;-0.046686;,
        -1.629937; 2.284346;-0.032811;,
        -1.629937; 2.284346;-0.071109;,
        -1.629937; 2.307952;-0.065485;,
        -1.629937; 2.284346;-0.032811;,
        -1.629937; 2.261800;-0.046686;,
        -1.629937; 2.270125;-0.065485;,
        -1.629937; 2.284346;-0.071109;,
        -1.273714; 2.298154;-0.027337;,
        -1.251238; 2.298513;-0.010729;,
        -1.251238; 2.316941;-0.005718;,
        -1.273714; 2.316941;-0.015338;,
        -1.251238; 2.316941;-0.005718;,
        -1.251238; 2.342515; 0.050738;,
        -1.273714; 2.342984; 0.051824;,
        -1.273714; 2.316941;-0.015338;,
        -1.251238; 2.342515; 0.050738;,
        -1.251238; 2.316941; 0.107194;,
        -1.273714; 2.316941; 0.107261;,
        -1.273714; 2.342984; 0.051824;,
        -1.251238; 2.316941; 0.107194;,
        -1.251238; 2.284347; 0.111413;,
        -1.273714; 2.284347; 0.118262;,
        -1.273714; 2.316941; 0.107261;,
        -1.251238; 2.284347; 0.111413;,
        -1.251238; 2.251751; 0.092326;,
        -1.273714; 2.251751; 0.094805;,
        -1.273714; 2.284347; 0.118262;,
        -1.251238; 2.251751; 0.092326;,
        -1.251238; 2.232595; 0.050738;,
        -1.273714; 2.238142; 0.051824;,
        -1.273714; 2.251751; 0.094805;,
        -1.251238; 2.232595; 0.050738;,
        -1.251238; 2.251751; 0.001191;,
        -1.273714; 2.251751;-0.008519;,
        -1.273714; 2.238142; 0.051824;,
        -1.251238; 2.251751; 0.001191;,
        -1.251238; 2.270717;-0.007986;,
        -1.273714; 2.270293;-0.028116;,
        -1.273714; 2.251751;-0.008519;,
        -1.224816; 2.284347;-0.005718;,
        -1.224816; 2.316941;-0.005718;,
        -1.251238; 2.316941;-0.005718;,
        -1.251238; 2.298513;-0.010729;,
        -1.224816; 2.316941;-0.005718;,
        -1.224816; 2.342530; 0.050738;,
        -1.251238; 2.342515; 0.050738;,
        -1.251238; 2.316941;-0.005718;,
        -1.224816; 2.342530; 0.050738;,
        -1.224816; 2.316941; 0.107194;,
        -1.251238; 2.316941; 0.107194;,
        -1.251238; 2.342515; 0.050738;,
        -1.224816; 2.316941; 0.107194;,
        -1.224816; 2.284347; 0.107194;,
        -1.251238; 2.284347; 0.111413;,
        -1.251238; 2.316941; 0.107194;,
        -1.224816; 2.284347; 0.107194;,
        -1.224816; 2.251751; 0.096297;,
        -1.251238; 2.251751; 0.092326;,
        -1.251238; 2.284347; 0.111413;,
        -1.224816; 2.251751; 0.096297;,
        -1.224816; 2.229731; 0.050738;,
        -1.251238; 2.232595; 0.050738;,
        -1.251238; 2.251751; 0.092326;,
        -1.224816; 2.229731; 0.050738;,
        -1.224816; 2.251751; 0.005180;,
        -1.251238; 2.251751; 0.001191;,
        -1.251238; 2.232595; 0.050738;,
        -1.224816; 2.251751; 0.005180;,
        -1.224816; 2.284347;-0.005718;,
        -1.251238; 2.270717;-0.007986;,
        -1.251238; 2.251751; 0.001191;,
        -1.273714; 2.316941;-0.015338;,
        -1.273714; 2.342984; 0.051824;,
        -1.297886; 2.339297; 0.050864;,
        -1.297886; 2.322672;-0.024733;,
        -1.273714; 2.342984; 0.051824;,
        -1.273714; 2.316941; 0.107261;,
        -1.297886; 2.330901; 0.105252;,
        -1.297886; 2.339297; 0.050864;,
        -1.273714; 2.316941; 0.107261;,
        -1.285800; 2.310455; 0.118411;,
        -1.297886; 2.313681; 0.124839;,
        -1.297886; 2.330901; 0.105252;,
        -1.283504; 2.284347; 0.127725;,
        -1.285800; 2.255644; 0.118216;,
        -1.301533; 2.253186; 0.123877;,
        -1.297886; 2.284347; 0.141627;,
        -1.273714; 2.251751; 0.094805;,
        -1.273714; 2.238142; 0.051824;,
        -1.297886; 2.242954; 0.049000;,
        -1.293967; 2.243673; 0.095720;,
        -1.273714; 2.238142; 0.051824;,
        -1.273714; 2.251751;-0.008519;,
        -1.297886; 2.261801;-0.020460;,
        -1.297886; 2.242954; 0.049000;,
        -1.273714; 2.251751;-0.008519;,
        -1.273714; 2.270293;-0.028116;,
        -1.297886; 2.270125;-0.047148;,
        -1.297886; 2.261801;-0.020460;,
        -1.521440; 2.306872;-0.002872;,
        -1.496318; 2.315607;-0.009370;,
        -1.496318; 2.315607; 0.028578;,
        -1.521440; 2.306872; 0.022080;,
        -1.521440; 2.305913; 0.054204;,
        -1.496318; 2.315607; 0.046870;,
        -1.496318; 2.315607; 0.084818;,
        -1.521440; 2.305913; 0.077485;,
        -1.521440; 2.261801; 0.077485;,
        -1.496318; 2.261801; 0.084818;,
        -1.496318; 2.261801; 0.046870;,
        -1.521440; 2.261801; 0.054204;,
        -1.521440; 2.267193; 0.021443;,
        -1.496318; 2.261801; 0.028578;,
        -1.496318; 2.261801;-0.009370;,
        -1.521440; 2.267194;-0.002235;,
        -1.465657; 2.322672;-0.023877;,
        -1.465657; 2.322672; 0.039473;,
        -1.496318; 2.315607; 0.028578;,
        -1.496318; 2.315607;-0.009370;,
        -1.465657; 2.322672; 0.039473;,
        -1.465657; 2.322672; 0.094921;,
        -1.496318; 2.315607; 0.084818;,
        -1.496318; 2.315607; 0.046870;,
        -1.465657; 2.261801; 0.094921;,
        -1.465657; 2.261801; 0.036911;,
        -1.496318; 2.261801; 0.046870;,
        -1.496318; 2.261801; 0.084818;,
        -1.465657; 2.261801; 0.036911;,
        -1.465657; 2.261801;-0.024434;,
        -1.496318; 2.261801;-0.009370;,
        -1.496318; 2.261801; 0.028578;,
        -1.426996; 2.322672;-0.023544;,
        -1.426996; 2.326215; 0.044594;,
        -1.465657; 2.322672; 0.039473;,
        -1.465657; 2.322672;-0.023877;,
        -1.426996; 2.326215; 0.044594;,
        -1.426996; 2.322672; 0.094921;,
        -1.465657; 2.322672; 0.094921;,
        -1.465657; 2.322672; 0.039473;,
        -1.426996; 2.261801; 0.094921;,
        -1.426996; 2.261801; 0.037277;,
        -1.465657; 2.261801; 0.036911;,
        -1.465657; 2.261801; 0.094921;,
        -1.426996; 2.261801; 0.037277;,
        -1.426996; 2.261801;-0.027188;,
        -1.465657; 2.261801;-0.024434;,
        -1.465657; 2.261801; 0.036911;,
        -1.341499; 2.322672;-0.023418;,
        -1.341499; 2.329322; 0.050864;,
        -1.379657; 2.330553; 0.050864;,
        -1.379657; 2.322672;-0.023137;,
        -1.341499; 2.329322; 0.050864;,
        -1.341499; 2.328140; 0.094921;,
        -1.379657; 2.322672; 0.094921;,
        -1.379657; 2.330553; 0.050864;,
        -1.331696; 2.255822; 0.091598;,
        -1.341499; 2.261801; 0.037726;,
        -1.379657; 2.261801; 0.037726;,
        -1.379657; 2.261801; 0.094921;,
        -1.341499; 2.261801; 0.037726;,
        -1.341499; 2.261801;-0.028774;,
        -1.379657; 2.261801;-0.030560;,
        -1.379657; 2.261801; 0.037726;,
        -1.297886; 2.322672;-0.024733;,
        -1.297886; 2.339297; 0.050864;,
        -1.341499; 2.329322; 0.050864;,
        -1.341499; 2.322672;-0.023418;,
        -1.297886; 2.339297; 0.050864;,
        -1.297886; 2.330901; 0.105252;,
        -1.341499; 2.328140; 0.094921;,
        -1.341499; 2.329322; 0.050864;,
        -1.293967; 2.243673; 0.095720;,
        -1.297886; 2.242954; 0.049000;,
        -1.341499; 2.261801; 0.037726;,
        -1.331696; 2.255822; 0.091598;,
        -1.297886; 2.242954; 0.049000;,
        -1.297886; 2.261801;-0.020460;,
        -1.341499; 2.261801;-0.028774;,
        -1.341499; 2.261801; 0.037726;,
        -1.673735; 2.284347; 0.104366;,
        -1.673735; 2.307563; 0.111099;,
        -1.673735; 2.307563; 0.135674;,
        -1.673735; 2.284347; 0.142406;,
        -1.673735; 2.261801; 0.111099;,
        -1.673735; 2.284347; 0.104366;,
        -1.673735; 2.284347; 0.142406;,
        -1.673735; 2.261801; 0.135674;,
        -1.714809; 2.284347; 0.046870;,
        -1.714809; 2.305913; 0.054204;,
        -1.714809; 2.305913; 0.077485;,
        -1.714809; 2.284347; 0.084818;,
        -1.714809; 2.261801; 0.054204;,
        -1.714809; 2.284347; 0.046870;,
        -1.714809; 2.284347; 0.084818;,
        -1.714809; 2.261801; 0.077485;,
        -1.681394; 2.306872; 0.022080;,
        -1.681394; 2.284347; 0.028578;,
        -1.681394; 2.284347;-0.009370;,
        -1.681394; 2.306872;-0.002872;,
        -1.681394; 2.284347; 0.028578;,
        -1.681394; 2.267193; 0.021443;,
        -1.681394; 2.267194;-0.002235;,
        -1.681394; 2.284347;-0.009370;,
        -1.496318; 2.315607; 0.084818;,
        -1.465657; 2.322672; 0.094921;,
        -1.465657; 2.284347; 0.094921;,
        -1.496318; 2.284347; 0.084818;,
        -1.465657; 2.322672; 0.094921;,
        -1.496318; 2.315607; 0.104366;,
        -1.496318; 2.284347; 0.104366;,
        -1.465657; 2.284347; 0.094921;,
        -1.496318; 2.284347; 0.104366;,
        -1.521440; 2.284347; 0.104366;,
        -1.521440; 2.261801; 0.111099;,
        -1.496318; 2.261801; 0.104366;,
        -1.496318; 2.284347; 0.046870;,
        -1.521440; 2.284347; 0.046870;,
        -1.521440; 2.261801; 0.054204;,
        -1.496318; 2.261801; 0.046870;,
        -1.465657; 2.322672; 0.039473;,
        -1.496318; 2.315607; 0.046870;,
        -1.496318; 2.284347; 0.046870;,
        -1.465657; 2.284347; 0.036911;,
        -1.496318; 2.315607; 0.028578;,
        -1.465657; 2.322672; 0.039473;,
        -1.465657; 2.284347; 0.036911;,
        -1.496318; 2.284347; 0.028578;,
        -1.465657; 2.322672;-0.023877;,
        -1.496318; 2.315607;-0.009370;,
        -1.496318; 2.285822;-0.009370;,
        -1.465657; 2.284347;-0.024942;,
        -1.496318; 2.285822;-0.009370;,
        -1.521440; 2.285084;-0.009370;,
        -1.521440; 2.267194;-0.002235;,
        -1.496318; 2.261801;-0.009370;,
        -1.496318; 2.310805;-0.046686;,
        -1.465657; 2.322672;-0.023877;,
        -1.465657; 2.284347;-0.024942;,
        -1.496318; 2.284347;-0.032811;,
        -1.465657; 2.284347; 0.094921;,
        -1.496318; 2.284347; 0.104366;,
        -1.496318; 2.261801; 0.104366;,
        -1.465657; 2.261801; 0.094921;,
        -1.496318; 2.284347; 0.084818;,
        -1.465657; 2.284347; 0.094921;,
        -1.465657; 2.261801; 0.094921;,
        -1.496318; 2.261801; 0.084818;,
        -1.521440; 2.284347; 0.084818;,
        -1.496318; 2.284347; 0.084818;,
        -1.496318; 2.261801; 0.084818;,
        -1.521440; 2.261801; 0.077485;,
        -1.465657; 2.284347; 0.036911;,
        -1.496318; 2.284347; 0.046870;,
        -1.496318; 2.261801; 0.046870;,
        -1.465657; 2.261801; 0.036911;,
        -1.496318; 2.284347; 0.028578;,
        -1.465657; 2.284347; 0.036911;,
        -1.465657; 2.261801; 0.036911;,
        -1.496318; 2.261801; 0.028578;,
        -1.521440; 2.284347; 0.028578;,
        -1.496318; 2.284347; 0.028578;,
        -1.496318; 2.261801; 0.028578;,
        -1.521440; 2.267193; 0.021443;,
        -1.496318; 2.315607;-0.009370;,
        -1.521440; 2.306872;-0.002872;,
        -1.521440; 2.285084;-0.009370;,
        -1.496318; 2.285822;-0.009370;,
        -1.465657; 2.284347;-0.024942;,
        -1.496318; 2.285822;-0.009370;,
        -1.496318; 2.261801;-0.009370;,
        -1.465657; 2.261801;-0.024434;,
        -1.496318; 2.284347;-0.032811;,
        -1.465657; 2.284347;-0.024942;,
        -1.465657; 2.261801;-0.024434;,
        -1.496318; 2.261801;-0.046686;,
        -1.521440; 2.284347;-0.032811;,
        -1.496318; 2.284347;-0.032811;,
        -1.496318; 2.261801;-0.046686;,
        -1.521440; 2.261801;-0.046686;,
        -1.297886; 2.313681; 0.124839;,
        -1.297886; 2.284347; 0.141627;,
        -1.333633; 2.292115; 0.154151;,
        -1.341499; 2.313681; 0.141627;,
        -1.341499; 2.313681; 0.141627;,
        -1.333633; 2.292115; 0.154151;,
        -1.379657; 2.292115; 0.154151;,
        -1.379657; 2.313681; 0.141627;,
        -1.496318; 2.284347; 0.142406;,
        -1.521440; 2.284347; 0.142406;,
        -1.521440; 2.307563; 0.135674;,
        -1.496318; 2.309568; 0.142406;,
        -1.465657; 2.292115; 0.155864;,
        -1.496318; 2.284347; 0.142406;,
        -1.496318; 2.309568; 0.142406;,
        -1.465657; 2.313681; 0.143340;,
        -1.426996; 2.313681; 0.142570;,
        -1.426996; 2.292115; 0.155094;,
        -1.465657; 2.292115; 0.155864;,
