xof 0303txt 0032

template AnimTicksPerSecond {
  <9E415A43-7BA6-4a73-8743-B73D47E88476>
  DWORD AnimTicksPerSecond;
}

template XSkinMeshHeader {
  <3cf169ce-ff7c-44ab-93c0-f78f62d172e2>
  WORD nMaxSkinWeightsPerVertex;
  WORD nMaxSkinWeightsPerFace;
  WORD nBones;
}

template SkinWeights {
  <6f0d123b-bad2-4167-a0d0-80224f25fabb>
  STRING transformNodeName;
  DWORD nWeights;
  array DWORD vertexIndices[nWeights];
  array float weights[nWeights];
  Matrix4x4 matrixOffset;
}

Frame Root {
  FrameTransformMatrix {
     1.000000, 0.000000, 0.000000, 0.000000,
     0.000000,-0.000000,-1.000000, 0.000000,
     0.000000, 1.000000,-0.000000, 0.000000,
     0.000000, 0.000000, 0.000000, 1.000000;;
  }
  Frame Armature_001 {
    FrameTransformMatrix {
       0.446441, 0.000000, 0.000000, 0.000000,
       0.000000,-0.000000, 0.446441, 0.000000,
       0.000000,-0.446441,-0.000000, 0.000000,
       0.000000, 0.000000, 0.000000, 1.000000;;
    }
    Frame Armature_001_joint1 {
      FrameTransformMatrix {
        -1.000000,-0.000000, 0.000000, 0.000000,
        -0.000000, 1.000000, 0.000000, 0.000000,
        -0.000000, 0.000000,-1.000000, 0.000000,
        -0.000000, 8.538421, 0.523513, 1.000000;;
      }
      Frame Armature_001_joint13 {
        FrameTransformMatrix {
           0.993502,-0.113352,-0.010268, 0.000000,
          -0.113647,-0.983023,-0.143991, 0.000000,
           0.006235, 0.144404,-0.988923, 0.000000,
          -1.270714,-1.000000,-0.000000, 1.000000;;
        }
        Frame Armature_001_joint14 {
          FrameTransformMatrix {
             1.000000,-0.000003, 0.000001, 0.000000,
             0.000003, 0.804663,-0.593591, 0.000000,
             0.000001, 0.593409, 0.805030, 0.000000,
             0.000000, 3.002226, 0.000000, 1.000000;;
          }
          Frame Armature_001_joint15 {
            FrameTransformMatrix {
               0.000000,-0.998540,-0.058896, 0.000000,
              -0.000004,-0.058238, 0.997923, 0.000000,
              -1.000000, 0.000000,-0.000004, 0.000000,
              -0.000000, 3.002227, 0.000000, 1.000000;;
            }
            Frame Armature_001_joint16 {
              FrameTransformMatrix {
                 0.880078,-0.474829,-0.000000, 0.000000,
                 0.474829, 0.880078,-0.000000, 0.000000,
                 0.000000, 0.000000, 1.000000, 0.000000,
                -0.000000, 2.106023, 0.000000, 1.000000;;
              }
            } // End of Armature_001_joint16
          } // End of Armature_001_joint15
        } // End of Armature_001_joint14
      } // End of Armature_001_joint13
      Frame Armature_001_joint2 {
        FrameTransformMatrix {
           0.980392, 0.019608, 0.196078, 0.000000,
           0.019608, 0.980392,-0.196078, 0.000000,
          -0.196078, 0.196078, 0.960784, 0.000000,
          -0.000000, 2.000000, 0.000000, 1.000000;;
        }
        Frame Armature_001_joint3 {
          FrameTransformMatrix {
             1.000000, 0.000000, 0.000000, 0.000000,
            -0.000000, 0.873553, 0.486728, 0.000000,
             0.000000,-0.486728, 0.873553, 0.000000,
             0.000000, 2.000000,-0.000000, 1.000000;;
          }
          Frame Armature_001_joint38 {
            FrameTransformMatrix {
              -0.013889,-0.856020, 0.516756, 0.000000,
               0.923971,-0.208535,-0.320610, 0.000000,
               0.382210, 0.473015, 0.793834, 0.000000,
               1.002170, 0.873552,-0.486728, 1.000000;;
            }
            Frame Armature_001_joint39 {
              FrameTransformMatrix {
                 0.464064,-0.885802,-0.000000, 0.000000,
                 0.885801, 0.464064,-0.000000, 0.000000,
                 0.000000,-0.000000, 1.000000, 0.000000,
                 0.000000, 2.023980, 0.000000, 1.000000;;
              }
              Frame Armature_001_joint40 {
                FrameTransformMatrix {
                   1.000000, 0.000001,-0.000000, 0.000000,
                  -0.000001, 0.600000,-0.800000, 0.000000,
                  -0.000001, 0.800000, 0.600000, 0.000000,
                   0.000000, 2.935140,-0.000000, 1.000000;;
                }
                Frame Armature_001_joint41 {
                  FrameTransformMatrix {
                     0.600000, 0.000000,-0.800000, 0.000000,
                    -0.000000, 1.000000, 0.000000, 0.000000,
                     0.800000,-0.000000, 0.600000, 0.000000,
                    -0.000000, 1.348321, 0.000001, 1.000000;;
                  }
                  Frame Armature_001_joint42 {
                    FrameTransformMatrix {
                       0.269924,-0.052696,-0.961439, 0.000000,
                       0.052995, 0.997801,-0.039811, 0.000000,
                       0.961422,-0.040206, 0.272123, 0.000000,
                       0.000000, 1.197479, 0.000001, 1.000000;;
                    }
                    Frame Armature_001_joint43 {
                      FrameTransformMatrix {
                         0.709867,-0.197948, 0.675948, 0.000000,
                         0.267745, 0.963489, 0.000973, 0.000000,
                        -0.651461, 0.180291, 0.736949, 0.000000,
                         0.536872, 0.703559,-0.329007, 1.000000;;
                      }
                      Frame Armature_001_joint44 {
                        FrameTransformMatrix {
                           0.980959, 0.194182,-0.003649, 0.000000,
                          -0.193628, 0.979273, 0.059437, 0.000000,
                           0.015115,-0.057599, 0.998225, 0.000000,
                           0.000000, 0.573449, 0.000001, 1.000000;;
                        }
                        Frame Armature_001_joint45 {
                          FrameTransformMatrix {
                             0.998366, 0.057131,-0.001060, 0.000000,
                            -0.055034, 0.966388, 0.251128, 0.000000,
                             0.015371,-0.250660, 0.967954, 0.000000,
                             0.000000, 0.429919, 0.000000, 1.000000;;
                          }
                        } // End of Armature_001_joint45
                      } // End of Armature_001_joint44
                    } // End of Armature_001_joint43
                    Frame Armature_001_joint47 {
                      FrameTransformMatrix {
                         0.755476, 0.029802, 0.654498, 0.000000,
                        -0.030157, 0.999488,-0.010701, 0.000000,
                        -0.654482,-0.011654, 0.755988, 0.000000,
                         0.249486, 1.445221,-0.339022, 1.000000;;
                      }
                      Frame Armature_001_joint48 {
                        FrameTransformMatrix {
                           0.999731, 0.023213,-0.000000, 0.000000,
                          -0.023205, 0.999382, 0.026411, 0.000000,
                           0.000614,-0.026403, 0.999651, 0.000000,
                          -0.000001, 0.741064,-0.000001, 1.000000;;
                        }
                        Frame Armature_001_joint49 {
                          FrameTransformMatrix {
                             0.977421, 0.210934,-0.012419, 0.000000,
                            -0.211299, 0.975729,-0.057496, 0.000000,
                            -0.000010, 0.058822, 0.998268, 0.000000,
                            -0.000000, 0.334499, 0.000000, 1.000000;;
                          }
                        } // End of Armature_001_joint49
                      } // End of Armature_001_joint48
                    } // End of Armature_001_joint47
                    Frame Armature_001_joint51 {
                      FrameTransformMatrix {
                         0.755745, 0.004954, 0.654847, 0.000000,
                        -0.006235, 0.999981,-0.000368, 0.000000,
                        -0.654836,-0.003805, 0.755761, 0.000000,
                        -0.017732, 1.452694,-0.065292, 1.000000;;
                      }
                      Frame Armature_001_joint52 {
                        FrameTransformMatrix {
                           0.998845, 0.048043,-0.000002, 0.000000,
                          -0.047911, 0.996089, 0.074237, 0.000000,
                           0.003568,-0.074151, 0.997241, 0.000000,
                           0.000000, 0.936580, 0.000000, 1.000000;;
                        }
                        Frame Armature_001_joint53 {
                          FrameTransformMatrix {
                             1.000000, 0.000005, 0.000002, 0.000000,
                            -0.000005, 0.999391,-0.034897, 0.000000,
                            -0.000002, 0.034897, 0.999391, 0.000000,
                            -0.000001, 0.381278,-0.000000, 1.000000;;
                          }
                        } // End of Armature_001_joint53
                      } // End of Armature_001_joint52
                    } // End of Armature_001_joint51
                    Frame Armature_001_joint55 {
                      FrameTransformMatrix {
                         0.756428, 0.023954, 0.653638, 0.000000,
                        -0.052815, 0.998303, 0.024534, 0.000000,
                        -0.651941,-0.053080, 0.756410, 0.000000,
                        -0.249045, 1.445118, 0.203553, 1.000000;;
                      }
                      Frame Armature_001_joint56 {
                        FrameTransformMatrix {
                           0.999577, 0.029101, 0.000010, 0.000000,
                          -0.028963, 0.994866,-0.096972, 0.000000,
                          -0.002832, 0.096931, 0.995287, 0.000000,
                           0.000000, 0.780078, 0.000001, 1.000000;;
                        }
                        Frame Armature_001_joint57 {
                          FrameTransformMatrix {
                             1.000000,-0.000006,-0.000004, 0.000000,
                             0.000006, 0.989859, 0.142055, 0.000000,
                             0.000004,-0.142055, 0.989859, 0.000000,
                             0.000000, 0.335880, 0.000000, 1.000000;;
                          }
                        } // End of Armature_001_joint57
                      } // End of Armature_001_joint56
                    } // End of Armature_001_joint55
                    Frame Armature_001_joint59 {
                      FrameTransformMatrix {
                         0.756374, 0.027988, 0.653540, 0.000000,
                        -0.062371, 0.997618, 0.029462, 0.000000,
                        -0.651159,-0.063046, 0.756318, 0.000000,
                        -0.519570, 1.387700, 0.529776, 1.000000;;
                      }
                      Frame Armature_001_joint60 {
                        FrameTransformMatrix {
                           0.999667, 0.025799,-0.000014, 0.000000,
                          -0.025795, 0.999471,-0.019816, 0.000000,
                          -0.000497, 0.019809, 0.999804, 0.000000,
                          -0.000000, 0.569903, 0.000000, 1.000000;;
                        }
                        Frame Armature_001_joint61 {
                          FrameTransformMatrix {
                             0.999993, 0.003662, 0.000114, 0.000000,
                            -0.003664, 0.999631, 0.026924, 0.000000,
                            -0.000016,-0.026924, 0.999638, 0.000000,
                            -0.000000, 0.260901, 0.000000, 1.000000;;
                          }
                        } // End of Armature_001_joint61
                      } // End of Armature_001_joint60
                    } // End of Armature_001_joint59
                  } // End of Armature_001_joint42
                } // End of Armature_001_joint41
              } // End of Armature_001_joint40
            } // End of Armature_001_joint39
          } // End of Armature_001_joint38
          Frame Armature_001_joint4 {
            FrameTransformMatrix {
               0.980200,-0.094837,-0.173824, 0.000000,
               0.001760, 0.881983,-0.471277, 0.000000,
               0.198004, 0.461640, 0.864686, 0.000000,
               0.000000, 1.747106,-0.973456, 1.000000;;
            }
            Frame Armature_001_joint5 {
              FrameTransformMatrix {
                 1.000000, 0.000000, 0.000000, 0.000000,
                -0.000000, 1.000000,-0.000000, 0.000000,
                -0.000000, 0.000000, 1.000000, 0.000000,
                -0.000000, 1.613852,-0.000000, 1.000000;;
              }
              Frame Armature_001_joint6 {
                FrameTransformMatrix {
                   1.000000, 0.000000, 0.000000, 0.000000,
                  -0.000000, 1.000000,-0.000000, 0.000000,
                  -0.000000, 0.000000, 1.000000, 0.000000,
                  -0.000000, 2.000000,-0.000000, 1.000000;;
                }
              } // End of Armature_001_joint6
            } // End of Armature_001_joint5
          } // End of Armature_001_joint4
          Frame Armature_001_joint68 {
            FrameTransformMatrix {
              -0.145725, 0.584938, 0.797880, 0.000000,
              -0.065708,-0.810430, 0.582138, 0.000000,
               0.987141, 0.032405, 0.156535, 0.000000,
              -0.524600, 2.272101, 0.973460, 1.000000;;
            }
          } // End of Armature_001_joint68
          Frame Armature_001_joint70 {
            FrameTransformMatrix {
               0.145725, 0.584936, 0.797881, 0.000000,
               0.065708,-0.810432, 0.582137, 0.000000,
               0.987141,-0.032405,-0.156535, 0.000000,
               0.524600, 2.272109, 0.973456, 1.000000;;
            }
          } // End of Armature_001_joint70
          Frame Armature_001_joint8 {
            FrameTransformMatrix {
              -0.005971, 0.848229,-0.529597, 0.000000,
              -0.836970,-0.294053,-0.461534, 0.000000,
              -0.547216, 0.440501, 0.711698, 0.000000,
              -1.002171, 0.873552,-0.486728, 1.000000;;
            }
            Frame Armature_001_joint9 {
              FrameTransformMatrix {
                 0.755043, 0.637684,-0.152542, 0.000000,
                -0.613244, 0.604471,-0.508475, 0.000000,
                -0.232039, 0.477466, 0.847458, 0.000000,
                 0.000000, 2.023977,-0.000000, 1.000000;;
              }
              Frame Armature_001_joint10 {
                FrameTransformMatrix {
                   1.000000, 0.000002,-0.000000, 0.000000,
                  -0.000000, 0.219512,-0.975610, 0.000000,
                  -0.000002, 0.975610, 0.219512, 0.000000,
                   0.000000, 2.935144,-0.000000, 1.000000;;
                }
                Frame Armature_001_joint11 {
                  FrameTransformMatrix {
                     1.000000, 0.000000,-0.000000, 0.000000,
                    -0.000000, 1.000000, 0.000000, 0.000000,
                    -0.000000, 0.000000, 1.000000, 0.000000,
                    -0.000001, 1.348317,-0.000001, 1.000000;;
                  }
                  Frame Armature_001_joint12 {
                    FrameTransformMatrix {
                       0.754573, 0.066118, 0.652877, 0.000000,
                      -0.052985, 0.997801,-0.039811, 0.000000,
                      -0.654074,-0.004553, 0.756417, 0.000000,
                      -0.000000, 1.197481, 0.000001, 1.000000;;
                    }
                    Frame Armature_001_joint18 {
                      FrameTransformMatrix {
                         0.709877, 0.197918,-0.675945, 0.000000,
                        -0.267722, 0.963496, 0.000951, 0.000000,
                         0.651459, 0.180290, 0.736951, 0.000000,
                        -0.536863, 0.703552,-0.329018, 1.000000;;
                      }
                      Frame Armature_001_joint19 {
                        FrameTransformMatrix {
                           0.980972,-0.194115, 0.003643, 0.000000,
                           0.193561, 0.979286, 0.059431, 0.000000,
                          -0.015104,-0.057595, 0.998226, 0.000000,
                          -0.000000, 0.573442, 0.000000, 1.000000;;
                        }
                        Frame Armature_001_joint20 {
                          FrameTransformMatrix {
                             0.998371,-0.057041, 0.001084, 0.000000,
                             0.054941, 0.966395, 0.251123, 0.000000,
                            -0.015372,-0.250655, 0.967955, 0.000000,
                            -0.000001, 0.429906, 0.000000, 1.000000;;
                          }
                        } // End of Armature_001_joint20
                      } // End of Armature_001_joint19
                    } // End of Armature_001_joint18
                    Frame Armature_001_joint22 {
                      FrameTransformMatrix {
                         0.755478,-0.029733,-0.654499, 0.000000,
                         0.030106, 0.999490,-0.010655, 0.000000,
                         0.654482,-0.011654, 0.755988, 0.000000,
                        -0.249478, 1.445217,-0.339028, 1.000000;;
                      }
                      Frame Armature_001_joint23 {
                        FrameTransformMatrix {
                           0.999729,-0.023269,-0.000001, 0.000000,
                           0.023261, 0.999381, 0.026409, 0.000000,
                          -0.000614,-0.026402, 0.999651, 0.000000,
                           0.000002, 0.741076,-0.000000, 1.000000;;
                        }
                        Frame Armature_001_joint24 {
                          FrameTransformMatrix {
                             0.977392,-0.211068, 0.012436, 0.000000,
                             0.211435, 0.975700,-0.057482, 0.000000,
                            -0.000001, 0.058812, 0.998269, 0.000000,
                             0.000000, 0.334446,-0.000000, 1.000000;;
                          }
                        } // End of Armature_001_joint24
                      } // End of Armature_001_joint23
                    } // End of Armature_001_joint22
                    Frame LeftHand {
                      FrameTransformMatrix {
                         0.755744,-0.004998,-0.654848, 0.000000,
                         0.006268, 0.999981,-0.000398, 0.000000,
                         0.654837,-0.003804, 0.755761, 0.000000,
                         0.017706, 1.452698,-0.065268, 1.000000;;
                      }
                      Frame Armature_001_joint27 {
                        FrameTransformMatrix {
                           0.998848,-0.047995, 0.000000, 0.000000,
                           0.047862, 0.996091, 0.074236, 0.000000,
                          -0.003563,-0.074151, 0.997241, 0.000000,
                           0.000001, 0.936578,-0.000000, 1.000000;;
                        }
                        Frame Armature_001_joint28 {
                          FrameTransformMatrix {
                             1.000000, 0.000004,-0.000000, 0.000000,
                            -0.000004, 0.999391,-0.034895, 0.000000,
                            -0.000000, 0.034895, 0.999391, 0.000000,
                             0.000000, 0.381295,-0.000000, 1.000000;;
                          }
                        } // End of Armature_001_joint28
                      } // End of Armature_001_joint27
                    } // End of LeftHand
                    Frame Armature_001_joint30 {
                      FrameTransformMatrix {
                         0.756430,-0.023924,-0.653636, 0.000000,
                         0.052792, 0.998303, 0.024555, 0.000000,
                         0.651940,-0.053081, 0.756410, 0.000000,
                         0.249036, 1.445114, 0.203561, 1.000000;;
                      }
                      Frame Armature_001_joint31 {
                        FrameTransformMatrix {
                           0.999576,-0.029121, 0.000002, 0.000000,
                           0.028984, 0.994866,-0.096961, 0.000000,
                           0.002822, 0.096920, 0.995288, 0.000000,
                           0.000000, 0.780043, 0.000001, 1.000000;;
                        }
                        Frame Armature_001_joint32 {
                          FrameTransformMatrix {
                             1.000000,-0.000000,-0.000000, 0.000000,
                             0.000000, 0.989859, 0.142050, 0.000000,
                             0.000000,-0.142051, 0.989859, 0.000000,
                             0.000000, 0.335929,-0.000001, 1.000000;;
                          }
                        } // End of Armature_001_joint32
                      } // End of Armature_001_joint31
                    } // End of Armature_001_joint30
                    Frame Armature_001_joint34 {
                      FrameTransformMatrix {
                         0.756374,-0.027978,-0.653540, 0.000000,
                         0.062363, 0.997618, 0.029468, 0.000000,
                         0.651159,-0.063046, 0.756318, 0.000000,
                         0.519594, 1.387695, 0.529756, 1.000000;;
                      }
                      Frame Armature_001_joint35 {
                        FrameTransformMatrix {
                           0.999672,-0.025595, 0.000008, 0.000000,
                           0.025590, 0.999476,-0.019818, 0.000000,
                           0.000499, 0.019811, 0.999804, 0.000000,
                          -0.000001, 0.569932,-0.000001, 1.000000;;
                        }
                        Frame Armature_001_joint36 {
                          FrameTransformMatrix {
                             0.999992,-0.004085,-0.000121, 0.000000,
                             0.004087, 0.999629, 0.026923, 0.000000,
                             0.000011,-0.026923, 0.999637, 0.000000,
                             0.000002, 0.260866, 0.000000, 1.000000;;
                          }
                        } // End of Armature_001_joint36
                      } // End of Armature_001_joint35
                    } // End of Armature_001_joint34
                  } // End of Armature_001_joint12
                } // End of Armature_001_joint11
              } // End of Armature_001_joint10
            } // End of Armature_001_joint9
          } // End of Armature_001_joint8
        } // End of Armature_001_joint3
      } // End of Armature_001_joint2
      Frame Armature_001_joint63 {
        FrameTransformMatrix {
           0.997158, 0.073243, 0.017659, 0.000000,
           0.073829,-0.902878,-0.423316, 0.000000,
          -0.015077, 0.423885,-0.905042, 0.000000,
           1.270710,-0.999999, 0.000000, 1.000000;;
        }
        Frame Armature_001_joint64 {
          FrameTransformMatrix {
             1.000000, 0.000007, 0.000000, 0.000000,
            -0.000006, 0.867888,-0.496491, 0.000000,
            -0.000004, 0.496613, 0.868342, 0.000000,
            -0.000000, 3.002226, 0.000000, 1.000000;;
          }
          Frame Armature_001_joint65 {
            FrameTransformMatrix {
              -0.000001, 0.961747,-0.272801, 0.000000,
               0.000001, 0.273974, 0.962021, 0.000000,
               1.000000, 0.000001,-0.000002, 0.000000,
               0.000000, 3.002228,-0.000000, 1.000000;;
            }
            Frame Armature_001_joint66 {
              FrameTransformMatrix {
                 0.880078, 0.474829, 0.000000, 0.000000,
                -0.474829, 0.880078, 0.000000, 0.000000,
                -0.000000,-0.000000, 1.000000, 0.000000,
                 0.000000, 2.106022, 0.000000, 1.000000;;
              }
            } // End of Armature_001_joint66
          } // End of Armature_001_joint65
        } // End of Armature_001_joint64
      } // End of Armature_001_joint63
    } // End of Armature_001_joint1
    Frame Armature_001_joint15_001 {
      FrameTransformMatrix {
        -0.000000, 0.880056, 0.474870, 0.000000,
         0.000000,-0.474870, 0.880056, 0.000000,
         1.000000, 0.000000,-0.000000, 0.000000,
         2.017082, 1.080876, 1.451713, 1.000000;;
      }
    } // End of Armature_001_joint15_001
    Frame Armature_001_joint65_001 {
      FrameTransformMatrix {
        -0.000000,-0.880056,-0.474870, 0.000000,
         0.000000,-0.474870, 0.880056, 0.000000,
        -1.000000, 0.000000,-0.000000, 0.000000,
        -1.796144, 1.107876, 3.517863, 1.000000;;
      }
    } // End of Armature_001_joint65_001
    Frame bousi2 {
      FrameTransformMatrix {
         1.000000, 0.000000, 0.000000, 0.000000,
         0.000000, 1.000000,-0.000000, 0.000000,
         0.000000,-0.000000, 1.000000, 0.000000,
         0.000000,-0.000001,-0.000000, 1.000000;;
      }
      Mesh { // bousi2 mesh
        7482;
        -0.021311;19.418530; 3.731162;,
         4.074467;19.418530; 0.028326;,
         4.074467;20.662064; 0.028326;,
        -0.021311;20.662064; 3.731162;,
        -0.021311;26.437536; 0.218995;,
         0.150607;26.437536; 0.028326;,
        -0.021311;26.437536;-0.162343;,
        -0.193229;26.437536; 0.028326;,
        -4.117089;20.662064; 0.028326;,
        -0.021311;20.662064;-3.674510;,
        -0.021311;19.418530;-3.674510;,
        -4.117089;19.418530; 0.028326;,
        -4.117089;19.418530; 0.028326;,
        -0.021311;19.418530;-3.674510;,
         4.074467;19.418530; 0.028326;,
        -0.021311;19.418530; 3.731162;,
         4.074467;19.418530; 0.028326;,
        -0.021311;19.418530;-3.674510;,
        -0.021311;20.662064;-3.674510;,
         4.074467;20.662064; 0.028326;,
        -4.117089;19.418530; 0.028326;,
        -0.021311;19.418530; 3.731162;,
        -0.021311;20.662064; 3.731162;,
        -4.117089;20.662064; 0.028326;,
        -0.021311;20.662064; 3.731162;,
         4.074467;20.662064; 0.028326;,
         2.917107;20.662064; 0.028326;,
        -0.021311;20.662064; 2.684837;,
         4.074467;20.662064; 0.028326;,
        -0.021311;20.662064;-3.674510;,
        -0.021311;20.662064;-2.628185;,
         2.917107;20.662064; 0.028326;,
        -0.021311;20.662064;-3.674510;,
        -4.117089;20.662064; 0.028326;,
        -2.959729;20.662064; 0.028326;,
        -0.021311;20.662064;-2.628185;,
        -4.117089;20.662064; 0.028326;,
        -0.021311;20.662064; 3.731162;,
        -0.021311;20.662064; 2.684837;,
        -2.959729;20.662064; 0.028326;,
        -0.021311;20.662064; 2.684837;,
         2.917107;20.662064; 0.028326;,
         0.150607;26.437536; 0.028326;,
        -0.021311;26.437536; 0.218995;,
         2.917107;20.662064; 0.028326;,
        -0.021311;20.662064;-2.628185;,
        -0.021311;26.437536;-0.162343;,
         0.150607;26.437536; 0.028326;,
        -0.021311;20.662064;-2.628185;,
        -2.959729;20.662064; 0.028326;,
        -0.193229;26.437536; 0.028326;,
        -0.021311;26.437536;-0.162343;,
        -2.959729;20.662064; 0.028326;,
        -0.021311;20.662064; 2.684837;,
        -0.021311;26.437536; 0.218995;,
        -0.193229;26.437536; 0.028326;,
        -0.356033;20.971033; 0.462704;,
        -0.000423;21.009090; 0.436757;,
        -0.000423;21.073183;-0.146851;,
        -0.451089;21.157345;-0.147509;,
        -0.784036;20.831726; 0.446869;,
        -0.356033;20.971033; 0.462704;,
        -0.451089;21.157345;-0.147509;,
        -0.886578;21.019661;-0.148725;,
        -1.177628;20.598976; 0.429818;,
        -0.784036;20.831726; 0.446869;,
        -0.886578;21.019661;-0.148725;,
        -1.286912;20.785517;-0.150592;,
        -1.516948;20.273228; 0.419937;,
        -1.177628;20.598976; 0.429818;,
        -1.286912;20.785517;-0.150592;,
        -1.631655;20.454838;-0.151872;,
         1.176783;20.598976; 0.429818;,
         1.516103;20.273228; 0.419937;,
         1.630810;20.454838;-0.151872;,
         1.286067;20.785517;-0.150591;,
         0.783191;20.831726; 0.446869;,
         1.176783;20.598976; 0.429818;,
         1.286067;20.785517;-0.150591;,
         0.885733;21.019661;-0.148724;,
         0.355188;20.971033; 0.462704;,
         0.783191;20.831726; 0.446869;,
         0.885733;21.019661;-0.148724;,
         0.450244;21.157345;-0.147509;,
        -0.000423;21.009090; 0.436757;,
         0.355188;20.971033; 0.462704;,
         0.450244;21.157345;-0.147509;,
        -0.000423;21.073183;-0.146851;,
        -0.000423;21.073183;-0.146851;,
         0.450244;21.157345;-0.147509;,
         0.443008;21.119310;-0.565199;,
        -0.000423;21.030041;-0.567073;,
         0.450244;21.157345;-0.147509;,
         0.885733;21.019661;-0.148724;,
         0.873005;20.990456;-0.560739;,
         0.443008;21.119310;-0.565199;,
         0.443008;21.119310;-0.565199;,
         0.873005;20.990456;-0.560739;,
         0.843102;20.883751;-1.022719;,
         0.428813;21.000290;-1.033917;,
        -0.000423;21.030041;-0.567073;,
         0.443008;21.119310;-0.565199;,
         0.428813;21.000290;-1.033917;,
        -0.000423;20.905523;-1.038563;,
         0.885733;21.019661;-0.148724;,
         1.286067;20.785517;-0.150591;,
         1.267505;20.767952;-0.555831;,
         0.873005;20.990456;-0.560739;,
         1.286067;20.785517;-0.150591;,
         1.630810;20.454838;-0.151872;,
         1.606759;20.450476;-0.552386;,
         1.267505;20.767952;-0.555831;,
         1.267505;20.767952;-0.555831;,
         1.606759;20.450476;-0.552386;,
         1.615929;20.396200;-1.036325;,
         1.218040;20.683596;-1.007394;,
         0.873005;20.990456;-0.560739;,
         1.267505;20.767952;-0.555831;,
         1.218040;20.683596;-1.007394;,
         0.843102;20.883751;-1.022719;,
         0.843102;20.883751;-1.022719;,
         1.218040;20.683596;-1.007394;,
         1.153703;20.524712;-1.380029;,
         0.809428;20.690664;-1.433478;,
         1.218040;20.683596;-1.007394;,
         1.615929;20.396200;-1.036325;,
         1.433975;20.285610;-1.346556;,
         1.153703;20.524712;-1.380029;,
         1.153703;20.524712;-1.380029;,
         1.433975;20.285610;-1.346556;,
         1.336402;20.172337;-1.595367;,
         1.120818;20.287893;-1.711048;,
         0.809428;20.690664;-1.433478;,
         1.153703;20.524712;-1.380029;,
         1.120818;20.287893;-1.711048;,
         0.793969;20.408060;-1.825373;,
        -0.000423;20.905523;-1.038563;,
         0.428813;21.000290;-1.033917;,
         0.415133;20.794756;-1.465911;,
        -0.000423;20.697121;-1.479217;,
         0.428813;21.000290;-1.033917;,
         0.843102;20.883751;-1.022719;,
         0.809428;20.690664;-1.433478;,
         0.415133;20.794756;-1.465911;,
         0.415133;20.794756;-1.465911;,
         0.809428;20.690664;-1.433478;,
         0.793969;20.408060;-1.825373;,
         0.409897;20.491108;-1.895566;,
        -0.000423;20.697121;-1.479217;,
         0.415133;20.794756;-1.465911;,
         0.409897;20.491108;-1.895566;,
        -0.000423;20.388639;-1.922382;,
        -1.631655;20.454838;-0.151872;,
        -1.286912;20.785517;-0.150592;,
        -1.268350;20.767952;-0.555832;,
        -1.607604;20.450476;-0.552386;,
        -1.286912;20.785517;-0.150592;,
        -0.886578;21.019661;-0.148725;,
        -0.873850;20.990456;-0.560740;,
        -1.268350;20.767952;-0.555832;,
        -1.268350;20.767952;-0.555832;,
        -0.873850;20.990456;-0.560740;,
        -0.843947;20.883751;-1.022719;,
        -1.218885;20.683596;-1.007394;,
        -1.607604;20.450476;-0.552386;,
        -1.268350;20.767952;-0.555832;,
        -1.218885;20.683596;-1.007394;,
        -1.616774;20.396200;-1.036325;,
        -0.886578;21.019661;-0.148725;,
        -0.451089;21.157345;-0.147509;,
        -0.443853;21.119310;-0.565199;,
        -0.873850;20.990456;-0.560740;,
        -0.451089;21.157345;-0.147509;,
        -0.000423;21.073183;-0.146851;,
        -0.000423;21.030041;-0.567073;,
        -0.443853;21.119310;-0.565199;,
        -0.443853;21.119310;-0.565199;,
        -0.000423;21.030041;-0.567073;,
        -0.000423;20.905523;-1.038563;,
        -0.429658;21.000290;-1.033917;,
        -0.873850;20.990456;-0.560740;,
        -0.443853;21.119310;-0.565199;,
        -0.429658;21.000290;-1.033917;,
        -0.843947;20.883751;-1.022719;,
        -0.843947;20.883751;-1.022719;,
        -0.429658;21.000290;-1.033917;,
        -0.415978;20.794756;-1.465912;,
        -0.810273;20.690664;-1.433478;,
        -0.429658;21.000290;-1.033917;,
        -0.000423;20.905523;-1.038563;,
        -0.000423;20.697121;-1.479217;,
        -0.415978;20.794756;-1.465912;,
        -0.415978;20.794756;-1.465912;,
        -0.000423;20.697121;-1.479217;,
        -0.000423;20.388639;-1.922382;,
        -0.410743;20.491108;-1.895566;,
        -0.810273;20.690664;-1.433478;,
        -0.415978;20.794756;-1.465912;,
        -0.410743;20.491108;-1.895566;,
        -0.794814;20.408060;-1.825373;,
        -1.616774;20.396200;-1.036325;,
        -1.218885;20.683596;-1.007394;,
        -1.154549;20.524712;-1.380029;,
        -1.434820;20.285610;-1.346555;,
        -1.218885;20.683596;-1.007394;,
        -0.843947;20.883751;-1.022719;,
        -0.810273;20.690664;-1.433478;,
        -1.154549;20.524712;-1.380029;,
        -1.154549;20.524712;-1.380029;,
        -0.810273;20.690664;-1.433478;,
        -0.794814;20.408060;-1.825373;,
        -1.121662;20.287893;-1.711048;,
        -1.434820;20.285610;-1.346555;,
        -1.154549;20.524712;-1.380029;,
        -1.121662;20.287893;-1.711048;,
        -1.337247;20.172337;-1.595367;,
        -1.337247;20.172337;-1.595367;,
        -1.121662;20.287893;-1.711048;,
        -1.159882;19.963915;-1.967306;,
        -1.521752;19.927101;-1.747574;,
        -1.121662;20.287893;-1.711048;,
        -0.794814;20.408060;-1.825373;,
        -0.814656;20.036213;-2.142097;,
        -1.159882;19.963915;-1.967306;,
        -1.159882;19.963915;-1.967306;,
        -0.814656;20.036213;-2.142097;,
        -0.849539;19.607939;-2.356697;,
        -1.226271;19.575209;-2.138585;,
        -1.521752;19.927101;-1.747574;,
        -1.159882;19.963915;-1.967306;,
        -1.226271;19.575209;-2.138585;,
        -1.626271;19.565521;-1.858646;,
        -0.794814;20.408060;-1.825373;,
        -0.410743;20.491108;-1.895566;,
        -0.419339;20.092421;-2.244448;,
        -0.814656;20.036213;-2.142097;,
        -0.410743;20.491108;-1.895566;,
        -0.000423;20.388639;-1.922382;,
        -0.000423;20.110979;-2.280607;,
        -0.419339;20.092421;-2.244448;,
        -0.419339;20.092421;-2.244448;,
        -0.000423;20.110979;-2.280607;,
        -0.000423;19.651262;-2.518783;,
        -0.433820;19.639326;-2.478219;,
        -0.814656;20.036213;-2.142097;,
        -0.419339;20.092421;-2.244448;,
        -0.433820;19.639326;-2.478219;,
        -0.849539;19.607939;-2.356697;,
        -0.849539;19.607939;-2.356697;,
        -0.433820;19.639326;-2.478219;,
        -0.447561;19.172546;-2.680255;,
        -0.879917;19.159416;-2.474948;,
        -0.433820;19.639326;-2.478219;,
        -0.000423;19.651262;-2.518783;,
        -0.000423;19.178581;-2.647133;,
        -0.447561;19.172546;-2.680255;,
        -0.447561;19.172546;-2.680255;,
        -0.000423;19.178581;-2.647133;,
        -0.000423;18.761223;-2.700103;,
        -0.456114;18.760382;-2.732607;,
        -0.879917;19.159416;-2.474948;,
        -0.447561;19.172546;-2.680255;,
        -0.456114;18.760382;-2.732607;,
        -0.897749;18.758760;-2.524849;,
        -1.626271;19.565521;-1.858646;,
        -1.226271;19.575209;-2.138585;,
        -1.277230;19.151886;-2.237435;,
        -1.698240;19.160225;-1.925537;,
        -1.226271;19.575209;-2.138585;,
        -0.849539;19.607939;-2.356697;,
        -0.879917;19.159416;-2.474948;,
        -1.277230;19.151886;-2.237435;,
        -1.277230;19.151886;-2.237435;,
        -0.879917;19.159416;-2.474948;,
        -0.897749;18.758760;-2.524849;,
        -1.304731;18.765877;-2.281215;,
        -1.698240;19.160225;-1.925537;,
        -1.277230;19.151886;-2.237435;,
        -1.304731;18.765877;-2.281215;,
        -1.733849;18.785130;-1.957162;,
        -0.000423;20.388639;-1.922382;,
         0.409897;20.491108;-1.895566;,
         0.418494;20.092421;-2.244448;,
        -0.000423;20.110979;-2.280607;,
         0.409897;20.491108;-1.895566;,
         0.793969;20.408060;-1.825373;,
         0.813811;20.036213;-2.142097;,
         0.418494;20.092421;-2.244448;,
         0.418494;20.092421;-2.244448;,
         0.813811;20.036213;-2.142097;,
         0.848693;19.607939;-2.356697;,
         0.432975;19.639326;-2.478220;,
        -0.000423;20.110979;-2.280607;,
         0.418494;20.092421;-2.244448;,
         0.432975;19.639326;-2.478220;,
        -0.000423;19.651262;-2.518783;,
         0.793969;20.408060;-1.825373;,
         1.120818;20.287893;-1.711048;,
         1.159037;19.963915;-1.967307;,
         0.813811;20.036213;-2.142097;,
         1.120818;20.287893;-1.711048;,
         1.336402;20.172337;-1.595367;,
         1.520906;19.927101;-1.747574;,
         1.159037;19.963915;-1.967307;,
         1.159037;19.963915;-1.967307;,
         1.520906;19.927101;-1.747574;,
         1.625426;19.565521;-1.858646;,
         1.225427;19.575209;-2.138585;,
         0.813811;20.036213;-2.142097;,
         1.159037;19.963915;-1.967307;,
         1.225427;19.575209;-2.138585;,
         0.848693;19.607939;-2.356697;,
         0.848693;19.607939;-2.356697;,
         1.225427;19.575209;-2.138585;,
         1.276385;19.151886;-2.237435;,
         0.879072;19.159416;-2.474948;,
         1.225427;19.575209;-2.138585;,
         1.625426;19.565521;-1.858646;,
         1.697395;19.160225;-1.925537;,
         1.276385;19.151886;-2.237435;,
         1.276385;19.151886;-2.237435;,
         1.697395;19.160225;-1.925537;,
         1.733004;18.785130;-1.957162;,
         1.303886;18.765877;-2.281215;,
         0.879072;19.159416;-2.474948;,
         1.276385;19.151886;-2.237435;,
         1.303886;18.765877;-2.281215;,
         0.896904;18.758760;-2.524850;,
        -0.000423;19.651262;-2.518783;,
         0.432975;19.639326;-2.478220;,
         0.446715;19.172546;-2.680255;,
        -0.000423;19.178581;-2.647133;,
         0.432975;19.639326;-2.478220;,
         0.848693;19.607939;-2.356697;,
         0.879072;19.159416;-2.474948;,
         0.446715;19.172546;-2.680255;,
         0.446715;19.172546;-2.680255;,
         0.879072;19.159416;-2.474948;,
         0.896904;18.758760;-2.524850;,
         0.455269;18.760382;-2.732607;,
        -0.000423;19.178581;-2.647133;,
         0.446715;19.172546;-2.680255;,
         0.455269;18.760382;-2.732607;,
        -0.000423;18.761223;-2.700103;,
        -0.000423;18.761223;-2.700103;,
         0.455269;18.760382;-2.732607;,
         0.454013;18.462900;-2.723818;,
        -0.000423;18.459738;-2.691273;,
         0.455269;18.760382;-2.732607;,
         0.896904;18.758760;-2.524850;,
         0.894518;18.469137;-2.516091;,
         0.454013;18.462900;-2.723818;,
         0.454013;18.462900;-2.723818;,
         0.894518;18.469137;-2.516091;,
         0.872044;18.094036;-2.450988;,
         0.442999;18.074829;-2.656024;,
        -0.000423;18.459738;-2.691273;,
         0.454013;18.462900;-2.723818;,
         0.442999;18.074829;-2.656024;,
        -0.000423;18.065306;-2.622721;,
         0.896904;18.758760;-2.524850;,
         1.303886;18.765877;-2.281215;,
         1.300496;18.484793;-2.272661;,
         0.894518;18.469137;-2.516091;,
         1.303886;18.765877;-2.281215;,
         1.733004;18.785130;-1.957162;,
         1.728203;18.510168;-1.950222;,
         1.300496;18.484793;-2.272661;,
         1.300496;18.484793;-2.272661;,
         1.728203;18.510168;-1.950222;,
         1.683877;18.155237;-1.906677;,
         1.266554;18.122904;-2.214216;,
         0.894518;18.469137;-2.516091;,
         1.300496;18.484793;-2.272661;,
         1.266554;18.122904;-2.214216;,
         0.872044;18.094036;-2.450988;,
         0.812955;17.054884;-2.068387;,
         1.159071;17.093525;-1.891353;,
         1.099003;16.576159;-1.828316;,
         0.797941;16.576155;-1.997180;,
         1.159071;17.093525;-1.891353;,
         1.515037;17.123341;-1.669820;,
         1.406773;16.462582;-1.660666;,
         1.099003;16.576159;-1.828316;,
